64 10
0.093697 0.032785 -0.083664 -0.256635 0.254483 -0.085384 0.127672 0.209378 -0.193265 -0.385443
0.074199 0.085443 -0.029014 -0.115889 0.263167 0.684111 0.422358 0.157369 0.029413 -0.208837
-0.654650 0.542495 -0.399913 -0.428638 0.377416 0.659616 0.292617 -0.288747 0.332139 0.005674
-0.321441 -0.145797 -0.120367 0.167465 0.158460 -0.294540 0.304461 0.426761 0.012649 -0.381401
0.187964 0.512460 -0.188869 0.408580 -0.134149 0.072214 0.389866 -0.196387 -0.550569 0.086287
-0.320554 0.181730 0.224477 0.390218 -0.315458 -0.215379 0.063461 -0.013644 -0.343049 -0.034307
-0.014684 0.094436 0.013562 -0.057228 0.370374 -0.059160 -0.080853 -0.056305 0.071913 -0.096725
0.089965 0.021254 -0.078843 -0.106492 0.375904 -0.015112 -0.544429 -0.185398 0.172286 0.124520
-0.053387 0.136481 -0.224668 0.037298 -0.034375 0.110911 -0.139850 -0.049292 0.209342 -0.178382
-0.194398 0.397334 0.246105 0.240797 0.006293 -0.061780 -0.324962 0.178455 0.014849 0.054997
-0.063530 0.029985 0.556372 -0.015403 -0.182108 0.140436 0.045458 -0.160882 -0.010472 0.161823
-0.118025 0.315082 -0.175536 -0.248005 0.016192 0.367514 0.184933 0.098779 -0.367115 -0.225914
-0.014807 0.085881 -0.094391 0.190683 0.418253 -0.222285 -0.035337 0.101395 0.142476 0.038604
-0.068364 -0.524040 -0.171488 0.198623 0.391859 -0.360614 0.230989 0.388172 -0.029193 0.019192
0.403080 -0.128335 0.308082 -0.257406 -0.555465 0.153075 0.144494 0.063417 -0.110381 0.117323
0.162258 0.647013 0.012214 -0.568505 -0.112375 -0.109756 0.034930 0.269166 -0.217627 0.183385
-0.032065 -0.389912 0.125216 -0.225566 0.025407 0.188463 -0.226643 -0.081124 0.403166 -0.087508
-0.266872 0.624001 0.120201 0.609802 -0.130927 -0.167967 -0.378323 0.042236 -0.136623 -0.318406
-0.078434 0.116368 -0.054780 0.075721 0.390894 0.157298 -0.028410 0.145104 0.185699 -0.042731
-0.119652 -0.449751 0.469296 -0.105563 0.277888 -0.081409 0.040023 -0.165897 -0.481015 0.114577
0.297694 0.162199 0.230838 0.037531 -0.689364 0.216297 0.614578 -0.498158 -0.381436 -0.635344
0.175055 -0.208413 0.034487 0.087422 -0.031282 -0.084603 -0.057123 -0.230287 0.143266 0.194016
0.031151 -0.121825 -0.017619 -0.049983 -0.103397 0.017714 -0.055949 0.214750 -0.186012 -0.041728
-0.256985 -0.123751 0.039437 0.209263 0.171584 0.461688 -0.907179 0.202245 0.047356 0.009157
-0.065044 0.093464 -0.008438 0.150424 -0.035235 0.141922 0.127965 0.113619 0.092368 0.038210
0.032685 -0.120369 -0.149128 0.067185 0.112539 -0.058234 0.129224 -0.124706 -0.021367 -0.103489
-0.152071 -0.162016 0.909396 0.343478 -0.007424 -0.194884 -0.334446 -0.257024 -0.026556 0.109936
-0.185084 0.214607 0.014997 -0.019054 0.468889 0.214315 0.048694 -0.123753 -0.297696 -0.220281
-0.234969 -0.033922 0.087128 -0.332758 -0.030858 -0.163712 0.182038 -0.066065 0.139388 -0.112356
0.032195 -0.044363 0.092381 0.114832 0.683501 -0.167117 0.024673 0.379676 -0.398592 0.189995
-0.098159 -0.028392 -0.124626 0.117339 -0.040681 -0.207412 -0.229751 0.022229 0.188291 -0.328848
-0.048225 -0.105479 0.157037 -0.170604 -0.004364 -0.224771 0.212507 -0.164825 0.205015 0.009323
-0.306046 0.069824 0.074023 0.532742 0.133044 0.221843 0.183043 -0.906816 0.019688 0.377244
0.039897 -0.088563 -0.126328 0.002013 -0.027334 0.042969 -0.000054 0.108468 -0.236361 0.139503
0.320744 -0.486515 -0.046741 0.058307 0.207533 -0.399128 0.307265 -0.472150 0.057564 0.424596
-0.028915 0.165928 0.072728 -0.239029 -0.056732 -0.189755 -0.046732 0.243386 0.312529 0.254299
0.353111 -0.057364 -0.585158 0.040948 -0.296822 0.194508 -0.108680 0.138354 0.161606 -0.078041
-0.212517 -0.154487 0.126121 0.237242 0.027668 0.602862 0.095987 -0.068018 0.465635 -0.406425
-0.301370 0.135930 -0.181911 0.381713 -0.323714 0.411593 -0.137079 0.554019 0.184138 0.052802
0.025542 -0.108028 0.096867 0.041964 0.078491 -0.312859 -0.074279 0.032786 -0.275818 0.146808
-0.096650 0.194507 -0.037932 0.068749 -0.047273 0.062166 0.180400 -0.383946 0.154031 -0.010505
0.812253 0.034818 -0.116789 -0.370437 -0.149451 0.630242 -0.361330 -0.048742 0.175745 0.609216
0.054360 0.049017 0.326229 -0.089019 0.157723 0.371510 0.409116 0.009498 0.319506 -0.287859
-0.014651 -0.110061 -0.661083 0.335831 0.111215 -0.233152 -0.254159 0.357815 -0.361224 0.121608
0.143865 -0.232482 -0.000714 0.084820 0.235587 0.021845 0.093059 -0.114449 -0.053521 0.293663
-0.347218 0.010562 0.733797 -0.114691 -0.086639 -0.469994 0.285842 0.271912 0.143178 0.137797
0.288733 -0.418325 0.029766 0.219645 -0.045156 0.238368 0.157618 -0.372200 -0.041028 -0.119701
-0.159294 -0.033767 -0.101192 0.276875 -0.090125 0.462168 -0.038169 0.198924 -0.011226 0.376050
-0.116068 -0.004043 -0.407696 -0.469177 0.238489 -0.349561 0.408161 -0.053105 0.481063 0.274489
-0.535889 0.093227 -0.205475 -0.652681 -0.111590 -0.592859 0.061580 -0.125510 0.268138 0.139933
0.192281 0.203160 0.205233 0.104667 -0.119991 -0.426805 -0.230684 0.055503 0.254187 0.301454
-0.442355 -0.022355 -0.115004 -0.083381 0.347249 0.565036 -0.168538 -0.065341 -0.203608 0.701319
0.214706 -0.157895 -0.175948 -0.027913 0.119178 0.237936 0.082500 0.064420 -0.321804 -0.124855
0.081929 0.630746 -0.071673 -0.036964 -0.027395 -0.157394 0.062006 0.312546 -0.402132 -0.400166
0.189469 -0.138424 0.018848 0.051495 0.028092 -0.054874 0.103973 0.240376 -0.009523 -0.255514
-0.209774 0.300732 -0.187428 0.137717 -0.288036 -0.255466 0.166103 -0.144863 0.266474 0.014012
-0.063174 -0.388650 0.576610 -0.065144 -0.006448 -0.061650 0.132024 -0.011319 0.104395 -0.579705
0.247516 -0.155943 0.224461 0.482677 -0.189167 -0.148120 -0.186242 -0.487359 0.797322 -0.098492
0.136796 -0.310133 -0.166598 -0.473975 0.107244 -0.195093 -0.127655 0.020966 -0.356688 -0.055465
0.120207 -0.085618 -0.402906 0.177435 -0.552777 0.046298 -0.100190 0.571681 -0.039156 0.047331
-0.184856 0.058308 -0.286443 -0.140817 -0.554325 -0.252736 0.210338 -0.155908 -0.034481 -0.179894
0.291040 -0.263901 0.072411 -0.434215 0.595231 -0.316291 -0.143199 0.455661 -0.046206 0.079132
0.106832 0.056398 0.322753 0.238647 -0.764146 0.025532 -0.268782 0.415298 -0.247108 0.384277
-0.036489 -0.089479 0.347577 -0.205870 0.002529 0.154931 0.056483 -0.072378 -0.202097 -0.197748
