128 64
0.047844 0.139504 0.248725 0.057412 -0.166539 -0.152240 0.081733 0.136198 -0.077086 -0.120791 -0.089034 0.054991 0.088988 0.109522 -0.036619 0.180186 0.381603 -0.074661 0.241501 -0.027901 0.079493 -0.102814 -0.043879 0.022313 -0.244061 -0.227929 -0.145323 0.141720 -0.026378 0.178863 -0.205124 0.045115 0.082715 -0.119804 0.257767 -0.167019 -0.069197 0.316021 -0.147065 -0.093040 0.024464 -0.191536 0.091096 -0.232104 0.030265 0.220687 0.063977 -0.007108 0.067262 0.085687 -0.066804 0.095493 0.083363 0.022969 0.069248 0.091350 -0.158467 -0.343200 0.032903 -0.095003 0.065150 0.293620 -0.121203 0.052258
-0.091319 0.046638 -0.172077 0.141783 0.000791 -0.042253 -0.215105 -0.192705 0.070080 0.163112 0.022099 -0.016559 0.007993 -0.004797 -0.019561 -0.168229 -0.154789 -0.086762 0.011271 -0.212621 -0.042662 -0.093884 -0.201123 0.006911 0.020064 -0.078577 0.204472 0.071214 0.118091 0.408484 -0.074102 -0.179091 -0.202156 0.010607 -0.016022 0.071796 -0.032413 0.078882 0.190628 -0.078047 -0.169103 0.302509 -0.146842 0.120696 -0.050556 0.200050 -0.041854 0.073836 -0.216670 -0.108649 0.042174 -0.137071 -0.137709 0.263512 -0.000462 0.135050 0.272998 -0.060168 0.011087 0.078822 0.068582 0.194692 0.217959 0.119371
-0.038819 0.013718 -0.135837 0.105182 0.302346 0.029712 0.170777 0.078372 -0.073052 -0.121034 -0.150024 0.024770 0.069824 0.093069 -0.137494 0.157321 -0.076493 -0.000715 -0.079967 -0.155058 -0.130257 0.088860 -0.001369 -0.158067 -0.077687 0.178202 0.067786 0.073751 0.265256 0.187721 0.004407 -0.067819 0.322844 0.150632 -0.056204 -0.165857 -0.268819 -0.166025 -0.062159 0.163947 0.128632 0.023279 0.080623 -0.093040 -0.162393 -0.041208 0.128887 0.004304 0.113376 0.021025 -0.171516 0.039607 -0.037358 0.135032 -0.196493 0.199604 -0.163649 -0.056859 -0.180891 0.135375 -0.127829 -0.069392 0.119497 -0.067013
-0.008235 0.074064 0.043667 0.030129 -0.073468 -0.049023 0.053507 -0.035866 0.032277 -0.239647 -0.004363 0.068040 0.082442 -0.024188 0.038894 -0.074686 0.176384 -0.041425 0.160629 -0.013386 -0.146227 -0.029174 -0.124210 -0.033618 -0.128472 -0.028521 0.121757 0.178973 -0.076776 0.092751 0.189933 -0.145456 -0.218928 -0.172752 -0.009230 -0.272473 0.143612 -0.279102 -0.000386 0.040084 0.085444 0.137922 0.205608 0.050871 -0.075348 0.023431 0.047860 0.028731 -0.060269 0.150341 -0.049537 -0.017556 -0.104480 0.119241 0.274552 0.149592 -0.133215 -0.103214 -0.195106 0.039201 0.060290 -0.081447 -0.070009 -0.237805
0.033395 -0.100728 -0.100427 0.387585 0.104182 0.029679 0.039595 -0.102065 0.109890 0.019143 -0.172094 0.242216 -0.111419 0.332014 0.055708 0.099925 -0.118246 0.268562 0.312446 -0.091237 -0.030071 -0.112098 -0.044076 0.054187 0.157654 -0.178524 0.132222 0.113901 -0.121224 0.096548 -0.075634 0.015122 0.297593 -0.106440 0.021437 -0.107563 0.029660 0.053715 0.089740 -0.061995 -0.149335 -0.308142 -0.016745 0.134888 0.062388 0.156431 -0.064645 -0.000117 -0.291049 -0.017898 0.225088 -0.058336 0.234820 0.106965 0.120882 0.115361 0.132221 0.011414 0.095662 -0.058078 0.223388 0.229890 0.050439 -0.014103
-0.141525 0.083154 0.072159 -0.042622 -0.131632 -0.115538 0.006006 0.032831 0.072059 0.410900 0.093139 0.118235 -0.015983 -0.167424 -0.050636 0.301363 -0.123036 0.031964 0.016461 0.171156 0.133803 0.076300 -0.025928 -0.319218 -0.046894 -0.002391 -0.053662 -0.042497 -0.183507 0.105997 -0.042149 -0.000654 -0.261407 -0.031817 0.065103 0.057751 -0.051128 -0.082079 -0.038273 0.033609 0.052929 0.016752 0.129873 0.016049 0.203787 0.090853 -0.110722 0.011870 0.105083 0.138431 -0.063528 -0.256095 0.188790 0.079533 -0.258062 -0.039918 0.100695 -0.210613 -0.137698 -0.040586 0.018555 -0.052792 -0.070209 0.110548
0.023268 -0.154261 0.176609 -0.008320 -0.130321 -0.036149 -0.165793 0.010810 0.096960 -0.064286 -0.050483 -0.071386 0.049674 -0.042771 -0.034989 0.050626 -0.029680 -0.019800 -0.081877 0.041285 -0.055124 -0.036901 0.029295 0.327367 0.103815 -0.083498 -0.194823 0.048468 -0.094049 -0.016224 -0.026957 -0.013580 -0.106263 -0.060551 -0.355977 0.058150 0.135924 -0.039782 0.152006 0.020204 -0.020927 0.087853 0.126013 0.074699 -0.211978 0.141092 0.072110 -0.113030 -0.259415 -0.182970 0.141623 -0.043845 0.136401 0.302774 -0.138701 -0.161110 0.026641 0.042498 0.113079 -0.043917 -0.083973 0.217560 0.081991 0.062323
-0.038389 0.175110 0.129414 0.016837 -0.214955 0.121762 0.079573 0.019822 0.144546 0.060700 -0.028902 0.127340 0.026711 0.129597 0.005499 0.054834 0.192880 0.186356 -0.054679 0.143404 -0.068201 0.099359 -0.016957 -0.174133 0.036498 0.131635 0.101737 -0.109828 0.034508 0.003632 0.101060 0.129442 -0.163051 0.010798 -0.120085 0.008830 -0.198208 0.005175 0.022068 -0.281452 -0.037974 -0.224693 0.117344 -0.244704 -0.047768 0.168431 -0.125031 -0.104482 -0.027162 -0.010208 -0.304981 -0.050483 0.091545 0.275281 -0.092210 -0.041675 0.082687 -0.100089 0.180262 -0.027678 0.022336 0.083064 -0.247713 0.045917
-0.076502 -0.088265 0.082379 0.202002 -0.034317 0.247008 -0.051888 -0.307769 -0.138811 0.235564 0.238308 0.042593 -0.096155 -0.035659 0.013577 0.083806 0.063519 0.131820 -0.152698 -0.119198 0.177239 -0.049976 -0.018594 -0.000200 -0.064051 0.016541 0.087077 0.019447 0.158796 0.158926 -0.107934 0.051772 -0.055909 -0.098608 -0.058164 -0.244942 0.061206 0.119026 0.038030 0.101793 -0.075281 -0.445395 -0.007273 -0.166762 -0.021509 0.300133 0.032038 -0.064191 0.157943 0.295093 0.076567 -0.187338 -0.037460 0.157833 -0.031374 0.194684 0.190424 -0.166349 -0.185641 -0.077258 -0.087475 -0.074412 -0.008125 0.021580
0.022721 -0.035547 -0.169508 -0.119514 -0.142954 -0.099564 0.052898 -0.044655 -0.120064 -0.015855 0.035277 0.035580 0.302519 -0.072438 0.045803 0.132742 0.203084 -0.039316 -0.223713 -0.036085 0.035442 0.330414 -0.173777 -0.002462 -0.084828 0.114368 -0.072431 -0.193832 -0.255948 0.036326 0.009776 0.065181 0.012720 0.038395 0.055035 -0.104659 -0.009562 0.068282 -0.125172 -0.220388 0.040572 -0.023737 0.173914 0.074057 -0.039934 -0.160731 0.166910 0.095585 0.163031 0.126488 -0.154258 0.057237 0.119732 0.012130 -0.040095 -0.058255 -0.085865 -0.016101 -0.152471 -0.240650 -0.070044 -0.064261 0.273558 0.175862
-0.007709 0.057096 0.187693 -0.002582 -0.019294 -0.052104 -0.011764 -0.151450 0.130886 -0.031033 0.148441 0.221762 0.076513 0.160412 -0.021899 -0.108488 -0.080105 -0.013707 0.125097 0.079040 0.334614 0.063276 -0.077124 0.019950 0.117755 -0.056989 -0.026958 0.114392 0.106345 -0.014345 -0.067414 -0.035022 0.135046 0.094150 0.234321 0.023269 -0.184774 0.212718 0.048930 0.126839 0.224345 0.103239 0.070193 -0.190567 -0.059844 -0.067220 0.178718 0.151078 0.226924 0.009614 0.001419 -0.195174 0.212019 -0.231275 -0.023789 0.195613 0.113353 0.181716 0.074236 -0.289574 0.081469 0.055348 -0.154772 0.147080
-0.068332 0.160093 -0.033806 0.050204 0.016274 0.066298 -0.013749 0.057483 0.076279 -0.172191 0.072548 -0.062687 -0.031849 -0.024406 0.049586 0.208741 -0.175189 -0.413677 -0.072868 -0.069733 -0.104706 -0.118677 0.095477 -0.015087 0.314761 -0.098943 0.005825 0.055172 -0.032654 -0.170912 -0.012859 0.069449 -0.178394 -0.031133 0.002941 -0.045373 0.200064 -0.006115 -0.029470 0.111678 -0.008590 0.249616 -0.086931 0.041195 -0.022924 0.200194 0.133932 0.012021 0.097090 0.081396 0.167342 -0.096260 0.002075 0.102677 -0.095560 -0.118066 0.130491 -0.173738 0.173077 0.011735 -0.134795 0.248320 -0.170508 0.161147
0.361495 0.212948 -0.037595 0.194838 0.142476 -0.103224 -0.121056 0.030855 0.067572 0.129817 0.122523 0.028947 -0.061013 0.116669 0.139702 0.018737 -0.023781 -0.060039 -0.184715 -0.090961 0.177201 0.005130 -0.073320 -0.004699 -0.045811 0.054982 -0.046783 -0.006358 -0.254764 -0.120643 0.038793 -0.018657 0.070524 0.031309 0.174417 -0.362610 -0.007483 0.079391 0.011894 -0.031941 -0.055877 -0.082023 -0.056149 -0.113595 -0.034248 -0.104310 0.134761 -0.106239 0.198904 0.121220 0.148131 -0.004235 -0.141558 -0.212258 0.103897 -0.012153 -0.057666 0.078389 0.329683 0.007141 0.138751 -0.017009 0.121660 0.011900
0.117769 0.032556 -0.062284 -0.116855 -0.433190 0.107506 0.166454 0.123836 0.180423 0.242340 0.084759 -0.325826 -0.168352 -0.026183 -0.188869 -0.188270 0.012724 -0.151964 -0.057265 0.045798 -0.275946 0.008213 -0.030246 0.253302 -0.072271 -0.169634 -0.016272 0.290061 0.176358 0.231935 0.047394 0.023565 -0.124742 0.054388 -0.181145 0.022146 0.042079 -0.028564 0.099849 -0.062334 -0.354908 0.109503 0.092437 -0.051117 0.007054 0.395226 0.070984 -0.053059 0.093869 0.164352 -0.008232 -0.003713 -0.262580 0.048799 -0.164373 -0.156967 -0.018448 0.088258 -0.238224 0.016413 -0.169854 0.370516 -0.173505 0.007956
-0.144787 0.068048 -0.301910 0.189688 0.340805 0.126666 -0.001019 -0.127855 -0.144432 -0.168791 -0.099962 0.097237 -0.042607 0.004708 0.098909 0.112691 0.262639 -0.250576 0.238805 0.183049 0.212143 -0.040987 -0.048933 0.103075 -0.043450 -0.242209 -0.017676 -0.081192 0.135881 -0.182504 0.298099 -0.005777 -0.243404 0.004146 0.122054 0.186845 0.014652 0.039622 -0.037321 -0.123149 0.014599 0.022737 -0.048446 -0.256219 -0.051680 0.100925 0.245868 -0.051462 0.025330 0.023660 0.045175 -0.087115 0.093733 -0.318239 0.065321 -0.035831 0.038538 -0.143437 0.048930 0.079112 0.168113 0.021327 0.074384 0.114241
-0.104602 0.166054 -0.247543 0.091290 -0.110978 -0.156499 -0.131341 0.053011 -0.134969 0.136540 0.001471 -0.126735 -0.023920 0.093253 0.216815 0.076606 0.163248 0.009192 -0.069005 -0.065266 0.172127 -0.106344 0.016770 0.114497 -0.024038 0.165574 0.109743 0.033144 0.022931 0.131314 -0.055449 -0.083302 0.049957 0.080066 0.097590 -0.270995 0.009011 0.040885 0.107637 -0.119283 0.063421 -0.000848 -0.004216 0.181478 0.025036 0.032267 0.124789 0.125302 -0.374542 0.102221 0.175136 0.012157 -0.215424 -0.099896 -0.152811 -0.027417 0.050325 0.219581 0.195330 0.354079 -0.084473 0.004940 0.059856 -0.055767
0.040021 0.137726 0.431513 0.080773 -0.136815 -0.206184 -0.106697 0.100360 0.048707 -0.142341 -0.117718 0.114563 0.122563 -0.317821 0.040667 0.189848 -0.050110 0.106832 0.248652 0.068206 0.067403 -0.109989 0.203840 -0.101506 0.079853 -0.077030 -0.221563 0.211656 0.161294 -0.166551 0.049352 -0.017961 -0.153779 -0.109763 -0.070788 0.053096 0.314306 0.143932 0.057775 -0.049471 -0.174749 -0.017106 0.170996 0.117160 -0.138393 -0.070985 -0.175730 0.080506 0.108166 -0.101670 0.073858 0.171808 0.102144 0.031615 0.072599 0.124923 -0.305686 0.070608 -0.246792 -0.021061 -0.029374 0.065909 -0.028727 0.084231
-0.058536 0.088439 0.049560 0.042092 -0.039623 -0.014206 -0.013618 -0.111354 -0.004495 0.042435 0.006864 -0.126505 -0.040962 0.009186 -0.045924 0.012629 -0.062034 0.042310 0.080595 -0.045301 0.068307 0.149039 -0.016942 0.096300 -0.069789 0.031297 -0.038975 -0.236633 0.178650 -0.047323 0.061034 -0.029515 -0.127467 0.158035 0.063302 -0.108384 0.117844 0.219113 0.063415 0.115822 0.163861 -0.104433 0.073815 -0.161056 -0.016698 -0.074667 -0.048993 -0.088720 -0.140049 -0.167433 -0.214458 -0.063014 -0.169179 -0.093399 -0.117345 -0.180413 0.043797 0.008621 0.019607 0.031776 0.080833 -0.046643 0.209266 -0.166158
-0.247856 -0.320038 -0.317846 -0.083195 -0.067245 0.190228 -0.071843 0.107245 -0.022958 0.078426 0.133365 -0.067447 0.202810 0.059424 0.272997 0.137825 0.081828 -0.030351 -0.053108 0.156651 -0.099429 -0.280947 -0.039061 -0.043835 0.070931 0.169887 0.118220 -0.147169 0.012356 -0.008938 -0.029117 -0.112913 0.329153 0.095729 0.158531 -0.207638 -0.236257 -0.235642 -0.076336 0.156521 -0.016484 -0.037836 -0.207437 0.003594 -0.042872 0.285802 -0.063280 -0.012552 -0.060825 0.026800 0.149743 -0.174825 -0.075369 0.010428 0.079833 -0.036302 0.180242 -0.220922 0.077828 -0.041854 0.162053 -0.140795 0.284490 0.219530
-0.033241 0.072894 -0.122794 0.126513 -0.107947 0.045000 -0.126038 0.120027 0.069488 0.258521 0.029884 -0.160857 0.030548 0.331227 -0.018530 0.087786 0.073694 -0.151360 0.044288 0.080111 0.101108 -0.049857 -0.110471 -0.073378 -0.031815 0.014089 -0.183030 0.142947 0.108981 0.335924 0.037084 -0.022685 -0.254801 -0.190916 -0.212002 -0.155491 -0.078616 -0.080428 0.159822 0.068631 0.059010 -0.250070 0.022985 -0.206074 0.060991 -0.059817 -0.197745 -0.063131 -0.100497 0.092597 -0.091921 -0.022673 -0.106262 -0.035346 -0.124161 -0.051609 0.106311 -0.013972 0.170563 -0.152229 -0.009824 -0.038749 0.015558 0.035948
-0.087329 0.011461 -0.100704 0.252271 -0.179288 -0.095922 0.148004 -0.012849 -0.131988 -0.002537 -0.283418 0.096688 -0.097145 0.144896 0.037237 -0.026551 -0.307817 -0.098496 -0.298516 0.223696 -0.110316 -0.113528 -0.252870 0.112472 0.049615 -0.022832 -0.079233 -0.134472 -0.097379 0.252852 -0.049652 0.044400 -0.082670 -0.022531 0.323166 0.199706 0.140371 -0.023895 0.136002 -0.204528 -0.050500 -0.091102 0.049754 0.216788 0.148650 -0.029281 0.007544 0.112663 0.231797 -0.117495 -0.012886 -0.311185 0.152237 -0.113429 0.046204 -0.171565 -0.034883 -0.078364 -0.060249 0.231838 -0.074462 0.277774 0.239124 -0.069534
0.214263 0.127793 0.316480 0.223236 0.007640 0.124033 -0.032491 0.165459 -0.140106 -0.055459 -0.091351 -0.040329 -0.044671 -0.004046 0.082901 0.017868 0.064379 -0.136115 -0.078920 -0.060019 -0.017363 0.155494 0.009424 -0.085551 0.075988 0.010179 -0.045354 0.165229 0.100971 -0.011401 -0.015149 -0.039136 -0.170603 -0.035223 -0.000884 -0.162213 -0.131308 0.301252 0.205069 -0.098191 -0.086193 0.078236 -0.039973 0.003940 -0.003597 -0.055787 -0.184453 -0.100158 -0.030403 -0.064434 -0.156942 0.218837 0.058959 -0.033164 0.078706 -0.031180 0.294588 0.362369 0.209648 0.124451 -0.045164 -0.244692 0.149260 -0.059248
-0.012650 0.079686 0.143989 0.067007 -0.074627 -0.031533 -0.065054 0.050045 -0.045165 -0.039111 0.005846 -0.030792 -0.015728 -0.128881 -0.091154 -0.017703 0.010374 -0.161368 0.021746 0.075102 -0.083842 -0.118945 -0.186182 -0.280473 -0.283837 0.024869 -0.160053 0.028648 0.124298 -0.174425 0.092624 0.143439 -0.078585 -0.248202 -0.107056 0.345986 -0.033806 0.116234 -0.030351 -0.234341 0.104030 -0.114826 0.308547 -0.132325 0.234603 0.293032 -0.161552 0.054423 0.056237 0.268923 0.089016 0.001940 -0.078167 0.132448 -0.172957 0.151241 0.132261 0.079941 -0.110977 -0.147773 -0.051627 -0.125230 0.026788 -0.037349
-0.047243 -0.058001 -0.146872 -0.064332 0.136334 0.102408 0.061310 0.185892 -0.066728 -0.045085 0.124693 -0.003529 -0.114065 -0.143631 -0.114743 0.159883 0.026935 0.035666 0.006065 -0.087906 -0.331555 -0.205697 0.154505 0.094452 0.200904 0.032775 0.083384 -0.161379 -0.198259 0.136118 0.036147 0.000290 -0.069572 0.226055 -0.106087 0.188744 0.005552 -0.251487 0.079559 -0.008112 -0.056755 0.013355 -0.322842 0.026994 0.012034 0.231830 0.290781 -0.035128 0.125231 0.169019 0.010587 0.029577 -0.046363 -0.164038 0.140897 -0.122366 -0.031033 0.128939 -0.172253 -0.033441 0.178138 -0.172266 -0.055402 -0.160170
0.160761 0.261138 0.172369 0.092572 0.025320 0.072441 0.083658 -0.196379 -0.160927 -0.219652 -0.000912 -0.004708 0.085419 0.225530 0.049061 0.023632 0.126687 -0.246688 0.018809 -0.028353 -0.004859 -0.065303 0.177379 -0.274250 0.082924 -0.125854 -0.358983 0.058031 0.069200 0.229950 0.007463 0.118767 0.090453 0.019322 -0.115978 0.083132 0.142562 -0.174114 -0.059349 -0.202881 0.106718 -0.132374 0.052186 0.152710 0.071899 -0.030619 0.120454 -0.019815 0.196190 0.001273 0.115487 0.026453 0.038335 0.028687 0.148132 -0.048862 -0.021702 -0.235473 -0.027020 0.114348 -0.051700 0.189218 0.177922 -0.079499
-0.080414 0.203318 0.124583 -0.218253 -0.014700 0.040058 0.235778 0.076801 0.321509 0.016877 -0.295939 0.399817 -0.117960 -0.257002 0.151041 0.182003 0.148768 0.093546 -0.231789 0.028270 0.310109 0.058243 -0.004852 0.159328 0.129428 -0.049395 0.038651 -0.010470 0.029456 -0.009413 -0.039874 -0.090270 0.112193 0.082492 -0.129878 -0.171421 0.009335 0.020232 0.149959 0.118300 -0.132324 0.019350 0.051913 -0.058102 0.180412 -0.245765 -0.035909 0.053441 -0.188711 -0.149327 -0.281950 0.233067 0.116746 -0.245514 0.128004 -0.027659 -0.065257 -0.029570 -0.040112 0.011964 -0.129153 -0.132476 -0.050573 0.096858
-0.001822 -0.045939 -0.148664 0.111628 0.055521 0.153447 0.040154 -0.038433 0.061712 -0.087276 -0.083046 -0.052414 0.161779 0.051826 0.054261 -0.066200 0.050337 -0.061065 0.180649 -0.023123 0.068352 -0.120405 0.020369 0.009930 -0.116229 0.031012 -0.164166 -0.312065 0.036898 0.139249 -0.262867 0.094197 0.157569 -0.251354 0.114290 -0.140545 0.294496 -0.044123 -0.240927 0.144081 -0.037534 0.052780 -0.134576 0.136154 0.078983 0.103642 -0.007287 -0.133963 0.210561 0.233174 -0.196407 0.037899 0.039773 -0.022952 0.065581 -0.299257 0.195258 0.367818 0.101957 0.134944 -0.070385 0.157614 -0.007263 -0.020483
-0.004373 -0.081631 0.184464 0.220722 -0.100531 0.060283 0.100692 -0.144258 -0.075347 -0.088825 0.161083 0.136956 0.075786 -0.041888 0.048258 0.141466 0.186505 -0.112097 -0.258413 -0.121866 -0.024899 0.032920 0.067507 -0.017282 0.045200 0.081686 -0.081198 -0.053348 0.067542 0.056215 -0.165036 0.095924 0.023926 -0.130972 -0.027016 -0.039531 -0.125505 0.030922 0.013160 0.149824 -0.200284 -0.001194 -0.037007 -0.060639 0.254506 0.136774 0.158941 0.024526 0.014438 -0.148475 0.188587 -0.126652 0.067439 -0.038675 -0.040784 -0.178905 0.057434 -0.250259 -0.306334 -0.095653 0.069513 -0.140654 -0.269372 0.242252
0.271774 0.119833 -0.051268 0.079809 0.127249 0.073370 0.104043 0.094980 -0.039652 0.040255 0.090553 0.095306 0.123208 -0.108503 0.024052 -0.108424 0.022997 -0.071080 -0.014501 0.134562 0.062186 -0.124295 -0.055270 0.179770 0.236736 0.105538 -0.062782 -0.021382 0.027627 0.081177 0.020830 -0.110446 -0.022466 0.033278 -0.062163 0.116522 -0.209160 0.192427 0.276435 0.037795 -0.097273 0.221908 -0.052610 -0.063570 0.049805 0.112962 0.275385 -0.056035 -0.037450 -0.023594 -0.094039 0.068207 0.093936 0.033536 -0.124159 -0.001450 -0.142710 -0.185125 -0.005107 0.072908 0.001099 -0.022150 0.051539 0.234540
0.030276 0.280779 0.032573 -0.022379 0.107723 -0.293033 0.026162 -0.124611 0.090297 -0.039165 -0.091201 0.071383 -0.071882 -0.133509 -0.014163 0.272731 -0.051804 0.327163 0.158284 -0.050815 0.065818 0.042842 -0.017135 0.026110 -0.120539 0.158057 -0.034310 0.121376 -0.063532 0.273361 -0.029327 -0.099102 -0.273248 0.022124 0.039456 0.114773 0.000676 -0.188601 0.202241 -0.032630 -0.245821 -0.022346 -0.275125 -0.282423 -0.068727 -0.139243 -0.118378 -0.027401 -0.157918 0.083500 -0.118385 -0.037940 0.053992 0.270902 -0.072554 -0.051488 0.039284 -0.095721 0.005106 0.043588 -0.083563 0.037192 0.274873 -0.015395
0.261575 -0.172078 -0.028877 0.033551 -0.208415 -0.011802 -0.104677 -0.100014 0.040818 0.251838 0.062329 0.094212 0.011862 -0.128982 -0.032771 0.031527 -0.018954 0.051163 0.077187 0.044545 0.171740 -0.009335 0.162758 0.059535 0.018683 0.051513 0.123613 0.281685 -0.177246 -0.059732 0.062724 -0.136847 -0.227227 -0.021237 -0.194806 0.107078 -0.067979 0.123887 0.230927 0.240302 0.028171 -0.099117 0.201620 0.041975 0.014211 0.084416 -0.135315 -0.155561 0.076250 -0.049145 0.095040 -0.090515 0.116031 0.305236 0.029796 0.129828 0.044327 0.200638 -0.199948 0.097286 -0.039873 0.070368 0.001380 0.073358
-0.034052 -0.329844 0.227943 -0.227601 -0.191922 0.057294 0.088365 0.186229 0.035339 0.153625 0.134127 -0.186901 0.003450 -0.042009 0.225418 -0.052124 0.142599 -0.294954 0.023769 0.076181 -0.326786 -0.039388 0.070253 0.263985 0.113603 0.016750 0.054618 -0.134909 -0.227770 0.077857 -0.174706 -0.278765 -0.030621 -0.040031 -0.135573 0.080084 0.044998 0.077839 0.000499 -0.064573 -0.184749 0.057418 0.077005 0.031673 0.045307 0.063716 -0.040467 -0.031166 0.023765 0.072033 0.051678 0.398400 0.034832 0.026602 -0.095410 -0.002853 -0.149573 -0.234264 -0.110588 0.037577 -0.208500 0.139100 0.030333 -0.148992
-0.032287 0.001662 0.143245 -0.072423 0.184444 -0.019416 -0.047382 -0.293943 -0.383361 -0.051203 -0.219916 -0.136115 -0.061839 0.132643 -0.033602 -0.054007 -0.077285 0.058121 0.301457 0.048307 -0.066603 0.031772 -0.104064 0.131594 -0.009252 0.049543 0.075517 0.258125 -0.084054 -0.280321 -0.212133 -0.049532 0.103241 -0.022438 -0.027288 -0.185247 0.059538 0.084955 -0.202611 0.229858 0.117603 0.005931 0.290274 -0.041728 0.036086 -0.224177 0.240767 0.096742 -0.108190 -0.115542 0.086115 0.202290 -0.053600 0.112738 -0.112714 0.085327 -0.000251 -0.214167 -0.083645 0.129799 0.067722 -0.217327 -0.162356 -0.214142
-0.076100 0.048126 0.083118 -0.190005 -0.017353 -0.102229 0.032223 0.261572 -0.162117 0.012214 -0.374037 0.083813 -0.039519 0.164813 -0.082830 0.001066 0.267632 0.149439 0.113695 0.219242 0.062413 -0.094390 -0.317920 -0.015651 0.082324 -0.052641 0.089093 -0.032010 -0.080074 0.111461 0.070474 -0.014428 0.181765 0.007465 0.037528 -0.080657 -0.123947 -0.018705 -0.069269 0.081118 -0.046851 -0.059530 0.154774 0.119442 -0.125573 0.309067 0.124426 -0.084723 -0.273473 0.071587 0.029022 -0.184756 0.002841 -0.165109 -0.173916 -0.028049 0.042803 0.245753 0.006349 -0.132078 -0.090160 0.016845 -0.401876 0.036459
0.267640 0.221273 0.378377 -0.045832 0.024356 -0.017921 0.175063 0.014771 0.138596 -0.130087 -0.030894 0.013047 0.150893 -0.117225 -0.095419 -0.019105 -0.224580 -0.050033 0.056977 0.234947 -0.010182 -0.017315 -0.071519 -0.009871 -0.034362 -0.011827 0.003429 0.080211 -0.049499 0.072557 -0.058765 -0.091146 0.192279 -0.000884 -0.097662 0.005051 0.118098 -0.025649 0.023529 0.063620 0.038907 -0.015769 0.260330 -0.046627 0.003293 -0.101619 0.058574 -0.198647 0.147453 -0.161137 0.002228 -0.054071 0.235256 0.083233 -0.305824 -0.026950 0.062725 -0.085503 -0.120423 -0.365595 0.253109 0.340547 -0.201205 0.047843
-0.014947 0.153456 -0.072431 -0.029885 -0.149285 -0.116849 0.131788 0.084567 -0.004133 0.161617 -0.164274 -0.134068 -0.001996 0.148214 0.212142 -0.377060 -0.064862 0.130672 -0.146315 -0.311588 -0.018499 0.146079 0.026724 0.181469 0.218815 0.153560 0.216377 -0.191758 -0.071500 -0.113485 -0.053510 0.124188 0.085209 -0.024436 0.198340 -0.197429 0.310442 0.146184 0.160221 -0.021368 -0.098600 0.205676 0.047338 -0.084869 0.013638 -0.081558 0.109202 0.133451 -0.022950 -0.306549 -0.140777 -0.061576 0.023890 -0.323181 -0.050975 -0.040953 -0.025717 0.094301 0.194563 -0.060993 -0.236653 0.282985 -0.118832 -0.011681
0.002648 -0.132206 0.025273 -0.021137 0.051577 0.093777 0.140872 0.182639 -0.013609 -0.053151 -0.149081 0.103799 -0.005199 -0.022752 -0.162403 -0.112914 0.069680 0.186697 0.036878 -0.013327 0.214731 0.107197 0.109088 -0.055326 0.283672 0.193724 0.057507 -0.076307 -0.116305 0.046037 0.032286 -0.029411 -0.132550 0.043427 -0.091681 -0.201787 0.009590 0.189917 0.097622 -0.042185 0.210032 -0.138029 0.059879 -0.041677 0.006264 -0.074441 0.173297 0.065461 -0.053600 -0.125685 -0.050401 0.066130 0.097284 0.061207 0.104929 0.177974 0.108023 -0.233626 0.017385 0.279888 0.123752 -0.051813 0.119243 -0.024864
0.036705 0.133306 0.234285 -0.222574 -0.147876 0.001251 0.051644 0.034797 0.023035 -0.208538 0.165102 0.050760 0.042328 -0.350723 0.226103 0.002316 0.163430 0.156651 -0.098699 0.038915 0.253021 -0.215751 0.111691 -0.172941 -0.095875 -0.140508 0.332372 0.041397 -0.241122 -0.203602 -0.092419 0.013526 -0.024495 -0.183554 0.198817 0.010232 -0.047555 0.247127 0.230595 -0.003837 -0.085773 0.007374 0.366214 -0.184109 -0.120466 0.123290 0.039606 0.016575 0.060849 0.075970 -0.029483 -0.083167 -0.189556 0.035281 -0.012868 -0.002390 0.130786 0.057819 0.030051 -0.032664 0.032422 -0.224045 -0.127187 0.197955
0.060803 -0.113646 -0.297326 0.156466 0.117666 -0.033029 0.015806 -0.009192 -0.150318 -0.008509 -0.003304 -0.112444 0.026021 0.084067 -0.111214 0.122994 -0.090032 -0.061938 0.091438 0.174040 -0.029256 0.054593 0.052856 -0.062679 0.073483 -0.235587 -0.042329 0.108897 -0.059561 -0.064503 -0.335183 0.129154 -0.114912 -0.191048 0.041769 0.152793 -0.035611 -0.291147 -0.144658 0.135406 -0.000747 -0.225206 0.317140 -0.040746 -0.028400 -0.017575 0.132644 -0.062091 -0.293108 -0.290640 -0.091777 -0.002207 -0.030962 0.108224 0.184134 -0.161816 0.086964 -0.128212 -0.077915 -0.074252 0.087344 0.064948 -0.067206 0.275260
-0.040377 0.040847 -0.047262 -0.174852 -0.016521 -0.059485 -0.058125 0.265810 -0.070888 0.065875 0.101425 -0.111469 -0.159299 0.053010 -0.021993 0.100896 -0.177980 0.287625 0.018587 0.160569 0.342041 -0.017333 -0.118298 0.014808 -0.009809 0.022528 0.206132 0.021267 0.153720 0.200331 0.004785 -0.194448 0.196642 0.091863 0.025531 -0.156019 -0.006564 0.055229 -0.146463 -0.170298 0.403080 -0.172322 -0.105732 0.296726 -0.081212 -0.186906 0.159034 -0.226342 -0.071598 0.049851 0.224316 0.051329 0.056066 0.071217 0.175418 0.156173 0.045071 0.070366 -0.165683 -0.087777 -0.235691 -0.039386 -0.199392 -0.088090
0.192421 0.142332 -0.005476 -0.026645 0.307048 -0.133992 0.130770 0.220935 0.017509 0.079428 -0.213530 -0.010291 -0.001613 0.198485 -0.074887 0.067360 0.184367 0.107126 0.094579 0.001041 0.075917 0.019062 -0.156155 0.058025 0.071840 0.190222 -0.102483 0.100681 -0.075397 0.086049 -0.059527 0.242306 0.145804 0.102103 -0.074905 0.069369 -0.153149 -0.317435 -0.071204 0.139658 -0.042230 0.099143 0.326880 0.038140 0.266570 -0.277773 -0.037697 0.060140 0.005859 0.093893 -0.131356 0.365610 0.218266 0.074883 -0.129967 0.006709 0.121234 -0.087425 0.192159 0.078043 -0.013922 0.190408 -0.132096 -0.009060
-0.103212 -0.280728 -0.333364 -0.162167 -0.139984 0.123333 -0.069359 0.085959 -0.193796 0.066128 -0.195230 -0.164287 0.106444 -0.064125 -0.069402 0.204943 0.135167 0.209557 -0.191002 -0.284940 0.176923 -0.161926 -0.003739 -0.063854 -0.072901 -0.152538 0.007073 0.138038 -0.080416 -0.227817 0.006212 -0.252174 -0.002854 0.078006 0.032494 0.127679 0.018257 -0.098098 -0.161547 0.138797 -0.062872 0.074152 0.080820 -0.130406 -0.108669 0.054633 -0.175488 0.014967 0.043313 -0.107639 -0.218545 -0.128781 -0.095250 0.239616 0.277741 -0.117910 -0.090286 0.288462 0.063219 0.477501 -0.037658 0.134999 0.343434 -0.146078
-0.107283 0.100342 0.032204 0.072734 -0.145667 0.020528 -0.059913 0.011109 0.128338 -0.203564 0.172037 -0.014084 0.089425 -0.008275 0.178207 0.161873 0.063603 0.009709 0.063562 0.249927 0.215517 0.082210 -0.073625 -0.068971 -0.090534 -0.153852 0.050521 0.052800 0.034059 -0.232774 -0.098297 -0.014689 -0.214457 -0.146946 -0.164585 0.091792 -0.289908 0.023684 0.204063 0.106524 0.126496 -0.042577 0.309837 -0.092157 0.040191 0.099341 -0.120923 -0.270441 0.122293 -0.084730 -0.026007 -0.009247 0.003345 0.169484 0.069039 0.068850 0.120373 -0.205858 0.002113 0.079671 0.316863 0.056514 -0.031716 0.118371
-0.093919 0.167301 -0.034520 -0.032662 -0.182488 -0.046037 -0.014091 0.212579 -0.059744 -0.004621 0.085017 -0.103832 -0.062469 0.167722 -0.174939 -0.080145 0.041411 0.058723 0.326255 0.020538 -0.081249 -0.053205 0.141091 -0.071973 -0.027269 0.113795 -0.035070 0.070078 -0.193010 -0.113580 -0.068268 -0.179805 -0.139204 -0.079514 0.272962 0.049237 0.103577 0.063210 -0.281748 0.029664 -0.077869 -0.164973 0.025772 -0.206589 -0.003878 -0.032884 -0.109214 0.134687 -0.022442 0.033606 0.086276 0.105694 0.017299 -0.103732 -0.019710 0.103184 -0.098892 0.038689 -0.074663 0.115284 -0.006002 -0.119747 0.360081 0.008911
-0.395356 -0.135731 0.206603 0.061958 0.235185 -0.010516 0.059984 -0.059401 0.098045 -0.056782 -0.045638 -0.369773 -0.063852 -0.164185 0.018744 -0.085682 0.016892 0.513204 -0.031385 -0.130837 0.058371 -0.378634 -0.073688 0.050102 0.041359 0.134721 0.097104 -0.129893 -0.250541 0.071998 -0.091289 0.037910 0.329709 0.041836 -0.106321 0.096648 0.027410 -0.121902 0.185118 0.005495 0.293312 0.062706 -0.067428 0.096539 -0.005447 0.153039 0.103337 -0.049154 0.061366 0.101252 0.128718 -0.007664 -0.034933 0.023184 0.019765 -0.094973 -0.126513 0.423851 -0.116032 0.101238 -0.198952 -0.131191 0.129759 0.069651
-0.210091 -0.062564 0.119408 -0.155019 0.092996 0.000327 -0.203404 0.049979 0.080094 -0.024808 0.040263 -0.070606 -0.033754 0.028657 0.196573 0.082327 -0.050509 -0.096636 0.025033 -0.019981 0.096679 -0.331630 -0.113453 0.155779 0.066736 0.066406 0.059386 0.025564 0.040082 0.124446 0.056173 -0.215341 -0.075416 -0.070590 0.381770 0.021335 0.182364 -0.063445 -0.039572 0.005177 -0.038346 -0.070988 0.044314 -0.129142 0.057829 -0.044247 0.168869 -0.176375 0.048187 0.045029 -0.018042 0.127135 -0.215259 -0.257309 -0.023858 0.244401 0.090998 0.251161 0.166754 -0.167140 0.013650 -0.100456 -0.167480 -0.179279
-0.117114 0.063726 0.073558 0.054641 -0.149765 -0.073004 -0.112256 0.204356 0.054133 -0.202812 0.059854 -0.130126 0.048919 0.133997 -0.362488 0.286930 0.161506 -0.138089 0.016325 0.136179 -0.315640 0.051633 0.059726 0.151257 -0.116894 0.037038 0.137134 -0.123705 0.082200 -0.063163 -0.067826 -0.217227 -0.326682 0.105328 0.143167 0.062664 -0.165814 0.075701 0.004576 0.067782 0.023445 -0.077026 0.005502 -0.035877 0.029606 0.113092 -0.081993 0.088832 0.026191 0.002911 -0.021842 0.131792 -0.014561 -0.027258 0.202640 0.088038 0.163402 0.161101 0.040594 0.265084 0.054843 -0.079111 -0.082161 -0.187900
0.179279 0.026533 -0.072787 0.064736 -0.044043 -0.072574 0.295386 0.040938 0.019746 0.008520 -0.162296 -0.220251 0.178464 -0.026603 -0.345187 -0.207847 0.080971 0.138632 -0.039602 0.142822 -0.190348 0.200182 -0.208152 0.077933 0.033143 0.103411 -0.193442 -0.020048 0.126253 -0.109115 0.180642 -0.248971 -0.200925 -0.108620 0.076982 0.160469 -0.111303 0.048715 0.138193 0.087600 0.270240 -0.161502 0.166734 -0.080688 0.042510 0.026345 0.041487 -0.162231 -0.074004 -0.125410 -0.084550 -0.046625 -0.134280 -0.059948 0.076237 0.041694 0.245508 0.048122 0.226065 -0.214890 -0.238440 -0.029110 -0.112812 -0.095063
-0.089344 0.099899 -0.041596 0.052267 0.149827 0.134504 -0.055344 -0.116432 0.166925 0.233758 0.043074 0.070185 0.048637 -0.131822 0.071371 0.081989 0.196051 0.015929 -0.173758 -0.021564 0.098316 -0.093862 0.116686 0.127782 -0.299449 0.162092 0.103692 0.043494 0.063379 -0.294653 -0.066674 0.087203 0.121387 -0.038227 0.061518 0.028494 0.033413 0.288403 -0.214067 -0.126525 0.041466 0.097209 0.061653 -0.167125 0.082192 0.092116 0.091164 -0.084221 0.084052 0.205661 0.153771 -0.177496 -0.152001 0.155358 -0.071633 -0.142070 -0.018210 0.008124 -0.042585 -0.049259 -0.202210 -0.037807 0.070495 0.071839
0.075849 0.045675 -0.158626 -0.000115 0.071987 0.055701 0.171014 0.026156 -0.014700 0.134831 0.111961 0.046307 0.177069 0.036282 -0.042416 0.183626 -0.112690 0.182400 -0.066255 -0.101710 -0.117347 0.097397 -0.074246 -0.096617 -0.041749 -0.331532 0.139344 -0.202003 0.146285 0.198753 0.073820 0.003530 0.006773 0.203965 0.277450 -0.230161 0.083225 -0.097579 0.313095 0.040316 -0.096626 -0.105849 -0.062996 -0.201858 -0.141895 -0.168926 -0.367870 0.125773 0.104322 0.140285 -0.103868 0.097854 0.002880 -0.118747 -0.062404 -0.159256 -0.297489 -0.191109 -0.060222 0.161302 -0.076228 0.150751 0.229624 0.018739
-0.055914 -0.157856 -0.137072 0.091621 0.142254 -0.031750 0.021731 -0.188685 -0.081995 0.069580 -0.070476 -0.168072 -0.103496 -0.178627 -0.133605 0.131288 0.165836 0.243470 -0.025697 -0.012069 0.096521 -0.157749 -0.101944 -0.103549 0.170066 -0.062260 0.180688 -0.075298 -0.131793 0.235631 0.023522 -0.087382 -0.205803 -0.070463 0.235920 -0.037043 -0.348830 -0.093861 0.071618 -0.026626 0.066935 0.015310 -0.047177 -0.086417 -0.068739 -0.024238 -0.208809 0.035781 -0.088763 0.153632 0.185163 -0.062011 -0.014824 -0.037936 -0.193914 -0.075181 0.002261 0.059764 0.216436 -0.098082 -0.104938 0.134390 -0.333753 -0.119033
0.110216 -0.063054 -0.024338 -0.004521 0.109848 -0.005452 -0.026154 -0.064738 -0.033459 -0.108542 -0.149873 0.205138 -0.082783 -0.024207 0.113216 -0.317660 -0.181357 -0.001046 0.017887 -0.223244 -0.215970 -0.187633 0.034670 0.165064 0.035101 -0.226974 -0.180283 -0.042084 -0.002642 -0.083008 -0.046885 0.036804 0.335497 0.130774 -0.040695 -0.019787 0.025254 0.011218 0.229392 0.136924 0.041252 0.220916 -0.080228 0.103111 0.175309 -0.001079 0.255331 0.151554 -0.058206 -0.203160 -0.081823 0.180768 0.156677 -0.283692 -0.081297 0.059325 -0.018743 -0.079453 0.193684 0.143552 0.281299 -0.118594 -0.150253 0.015697
0.218588 0.016571 0.078928 0.022183 -0.173972 -0.091069 -0.100223 -0.042001 0.112325 -0.077069 -0.289550 -0.119354 -0.083213 0.149480 -0.072501 -0.384380 -0.132197 -0.005349 -0.304240 0.055398 0.034506 0.001966 0.063266 -0.037281 -0.081267 -0.079302 -0.041911 0.275413 -0.097838 0.083629 -0.125005 -0.002925 0.022843 -0.424338 0.043439 -0.084287 -0.214204 0.007240 0.157170 0.005380 0.128806 0.333860 -0.032806 0.051092 0.057287 0.115362 -0.087778 0.177980 0.157947 0.081435 0.210829 0.177174 -0.146372 0.015264 0.096386 0.136754 -0.371614 -0.038044 0.153991 0.148501 -0.181961 -0.123902 0.095516 -0.015750
-0.035122 0.007185 -0.068991 -0.031519 0.092110 0.121791 0.004343 0.132779 -0.085959 0.011913 -0.009364 -0.176481 0.067718 0.159531 0.121248 0.027663 -0.209059 0.091956 0.220839 0.006478 0.042813 0.158748 0.014003 -0.024747 0.001759 0.099264 0.129554 -0.274295 0.083105 0.030470 -0.099415 0.179071 0.086248 -0.163555 0.092987 0.142326 -0.107382 0.022917 -0.003411 0.011369 -0.049317 -0.074647 0.068521 0.036661 0.101286 0.153268 0.208193 -0.086857 0.139597 0.039060 0.021481 0.037061 -0.019351 -0.204098 0.106899 0.074313 0.052864 -0.200142 0.020909 0.068043 0.236457 0.043492 -0.186180 0.073781
0.149237 -0.089572 -0.289997 0.254956 0.025719 -0.054998 0.099899 -0.114233 -0.131178 -0.018038 0.014761 -0.101338 0.081773 0.117342 -0.006828 -0.016625 0.124029 0.111229 -0.144161 0.164797 0.061647 -0.067126 -0.202946 0.074788 0.034995 0.033113 0.224008 -0.021488 0.049933 0.107792 -0.055137 0.096981 0.171306 -0.048680 -0.216509 -0.103485 0.006773 -0.225493 -0.036207 0.005338 0.060491 0.105756 0.000008 0.042674 -0.040874 0.010584 0.098263 0.080408 -0.031379 0.137224 -0.010563 0.138772 -0.059725 -0.129166 0.004205 -0.232446 -0.048450 0.120335 0.086458 0.212684 -0.085476 -0.111306 0.131016 -0.097849
0.011414 -0.135058 -0.065545 -0.083884 -0.040894 -0.018939 0.009696 0.048256 0.085530 -0.013041 0.046483 0.099819 -0.149179 -0.122644 0.100621 0.124972 -0.019387 0.095121 -0.035133 -0.052889 -0.040027 0.014931 0.170112 0.329810 -0.153481 -0.069213 -0.081396 0.199415 0.143890 0.087859 -0.059635 0.027014 -0.222318 0.093455 0.109841 -0.031305 0.146457 -0.008158 -0.218897 0.170957 0.223442 -0.096323 0.052730 0.201759 -0.164997 -0.286927 0.003470 0.026123 0.207035 0.342084 0.120167 -0.233561 0.055454 0.031505 0.128490 -0.256496 0.120889 0.291025 0.049097 0.198569 0.081375 -0.248968 0.002738 0.057014
-0.137071 0.017155 -0.241334 0.004771 0.039855 0.338290 -0.106288 0.100810 -0.171266 0.166727 0.014807 0.065799 -0.114152 0.069465 -0.059183 0.013646 -0.154276 -0.017967 0.034696 0.036378 0.154060 -0.072117 0.196529 -0.014471 0.204440 0.041514 0.291448 0.029622 -0.199008 0.007660 -0.000942 0.203780 -0.233253 -0.113550 0.008414 0.031394 0.129431 -0.287368 -0.095117 0.111247 -0.030028 0.084153 -0.044002 0.151354 -0.076291 -0.012335 -0.021569 -0.084008 -0.028687 -0.077507 0.045990 0.045320 -0.090009 0.099311 0.037853 -0.084892 0.108426 -0.033374 0.142561 0.179666 -0.138782 0.239652 0.097083 0.054386
-0.096455 0.065552 -0.268660 -0.165367 -0.254108 0.005090 0.157518 0.006066 0.066984 -0.022239 0.022271 -0.224450 0.110461 0.032944 0.137550 0.055478 -0.071988 0.052652 -0.045460 -0.020589 0.195898 0.126088 -0.060505 0.057277 0.137876 -0.183436 0.024941 0.023995 -0.205009 -0.147525 -0.154565 -0.015557 0.024552 -0.176994 -0.101668 -0.033024 0.225966 -0.061035 -0.002166 0.039402 0.222783 0.047798 0.237963 -0.206301 0.091492 -0.104664 -0.017592 -0.038230 -0.152556 0.130216 -0.115705 -0.078780 -0.023228 -0.078736 0.038757 -0.229601 -0.103144 -0.105096 -0.097057 0.168805 -0.054377 -0.099271 0.049785 0.145211
-0.081858 0.030906 -0.154906 0.037583 -0.008274 -0.132136 -0.215693 0.153154 0.118352 0.068949 0.162043 0.066775 -0.116202 0.017797 0.189236 -0.062716 -0.034046 0.050399 0.189472 0.078907 -0.111157 0.013379 0.013006 0.085502 -0.172106 -0.168410 -0.013477 -0.004673 -0.106477 0.001872 0.003161 0.229258 -0.052229 -0.145855 0.176937 -0.066433 0.054897 0.144899 0.213935 0.017188 -0.144698 0.056208 -0.012148 -0.136952 0.117949 0.109076 0.167517 0.027239 -0.203953 0.241705 -0.170745 -0.115312 -0.068670 0.079128 -0.039084 0.078285 -0.140497 -0.022768 0.112960 0.140519 0.099506 0.056228 -0.085733 -0.100857
0.135652 0.029243 -0.126380 0.161372 -0.083455 0.156271 -0.049808 -0.067914 -0.065046 -0.032147 0.063833 -0.003847 0.216478 0.025638 -0.163707 0.016391 0.266032 0.013314 -0.197638 -0.113320 0.025805 -0.236036 0.206906 -0.005047 -0.362743 0.307748 0.170312 -0.083873 -0.112812 0.024355 0.205023 0.001760 -0.213959 0.162517 0.026836 -0.182629 -0.074598 0.008407 -0.004146 0.114355 0.118514 0.010076 0.137318 0.091352 -0.138153 -0.023889 -0.073548 0.136737 -0.110358 0.015527 -0.095033 -0.247771 0.031176 0.047942 0.127170 0.089192 -0.137062 -0.007823 -0.131731 -0.088611 0.037329 0.091476 -0.209038 0.038969
0.036840 -0.140454 -0.014417 -0.135695 -0.232592 0.129237 0.113574 -0.020425 0.055574 -0.139420 0.108276 0.020889 -0.155837 0.036103 0.048777 -0.061645 -0.186530 -0.061256 0.141804 0.085609 0.038453 -0.086537 -0.072259 -0.110583 0.021259 0.027227 0.145353 -0.186421 -0.028321 -0.084791 0.005723 0.083331 -0.087204 0.089621 0.069025 -0.039168 0.115643 0.061965 -0.086851 -0.094864 0.107272 -0.065709 0.085023 -0.142050 0.124366 -0.193762 -0.199707 -0.058284 0.158706 0.134992 0.087586 0.067676 -0.090756 -0.183073 0.165470 0.143118 -0.118670 0.027035 -0.023708 -0.130746 -0.176683 0.034777 -0.018948 -0.055064
-0.009735 -0.008625 0.037768 0.158231 0.115489 0.099733 -0.056687 -0.088997 -0.085417 0.110584 0.094945 -0.213482 0.124859 0.038389 0.001733 0.138390 0.034546 -0.110919 -0.094060 0.029505 0.021311 0.077028 0.289311 0.158449 -0.111662 0.007813 -0.036944 0.033035 -0.124330 -0.176011 -0.168718 -0.309360 -0.097279 0.264794 -0.060440 0.039033 -0.137173 -0.100439 -0.122540 -0.076794 -0.005672 0.131029 0.169404 0.086174 0.091210 -0.044918 0.257491 -0.095236 -0.008274 -0.050899 0.123898 -0.057573 0.020956 0.117852 -0.132747 0.075750 0.045535 -0.105547 -0.070064 -0.010717 0.025435 0.185352 0.225987 -0.092720
0.326006 -0.075088 0.173928 0.230599 -0.123772 -0.171956 0.010740 0.081602 -0.007258 0.014627 0.064995 -0.206493 0.014507 -0.051727 -0.060189 -0.185598 -0.167976 0.068962 -0.016949 0.225871 -0.036781 0.093567 0.143372 0.015029 0.032984 0.154352 0.207716 0.070357 0.180380 0.040397 -0.135668 0.039724 -0.075542 0.158563 -0.015558 0.114214 -0.127592 -0.126309 -0.025474 -0.159037 0.093267 0.069891 0.080610 0.185783 0.085777 -0.011848 0.027017 0.002600 0.139142 0.008881 -0.126308 -0.215103 -0.037613 0.002835 -0.167615 0.146296 0.022134 0.136165 -0.116286 0.116175 -0.120034 -0.062907 -0.063557 -0.020845
0.154924 0.075989 -0.179686 -0.098453 0.039651 -0.001788 0.026773 -0.204332 0.275008 -0.185795 -0.023491 -0.075940 -0.171374 0.118808 -0.027287 -0.186366 -0.034711 0.117204 0.132734 0.219401 0.043807 -0.063529 -0.079066 0.158504 0.170015 -0.246761 0.063861 -0.171361 0.002370 0.272781 -0.225522 -0.207338 0.233666 0.043063 -0.002781 0.112405 0.209941 0.104185 0.028175 -0.240202 -0.133424 -0.254804 0.006120 0.226725 -0.031908 0.039191 0.165433 0.089036 -0.096055 -0.248597 0.095882 0.137718 0.023493 -0.057258 0.110052 0.027590 0.260528 -0.011531 0.088046 0.069488 0.007801 -0.058782 0.125160 0.236965
-0.241045 0.070970 0.086820 -0.162193 0.103264 0.052337 0.089675 -0.020821 -0.181707 0.000043 0.139220 0.163335 -0.147051 -0.052585 0.048207 0.072078 -0.006271 -0.032341 -0.062960 0.286303 -0.179233 0.003612 0.019154 0.117923 -0.052872 -0.053461 0.048562 -0.046729 -0.096362 0.177257 -0.127369 -0.089325 0.027737 0.095785 -0.019672 0.027428 0.058967 -0.061468 -0.154930 0.148713 -0.146828 0.471796 -0.106618 0.213887 0.137283 -0.116226 0.171597 0.142458 -0.111851 -0.278582 -0.248818 0.140384 0.067089 0.026887 0.123084 -0.070121 0.043485 -0.148984 0.067175 0.038248 -0.146096 0.018328 0.161723 0.086114
0.152808 -0.079462 0.181713 0.022869 -0.064735 0.053311 -0.104423 0.052075 -0.216882 0.215560 -0.048599 0.013773 0.147106 -0.078747 0.090438 0.220731 0.028837 0.101283 0.169279 -0.095181 0.072993 -0.205578 -0.065884 0.363282 0.132331 0.002244 0.332883 -0.112754 0.052002 0.039077 -0.007395 0.094179 0.133419 0.016054 0.074154 0.241192 -0.000413 0.125678 0.084657 -0.060595 -0.005716 0.101706 -0.231346 0.082077 0.114102 0.094114 -0.121238 0.145440 -0.087044 0.234578 0.195670 0.055264 -0.063456 -0.131546 0.232526 -0.077674 0.209030 -0.265341 -0.017843 -0.047645 -0.097201 0.083026 0.278607 -0.006720
0.008192 -0.078665 -0.181742 -0.322626 -0.104674 -0.032102 -0.210264 0.260131 0.073336 0.111784 -0.185489 0.044277 0.191290 -0.041463 0.091446 -0.100483 0.104899 0.034749 -0.035698 -0.035649 -0.024376 0.042131 -0.007989 0.215569 0.246366 0.033697 0.166439 -0.070841 0.085450 -0.239413 0.061835 -0.115429 0.184017 0.113488 0.033458 0.078156 0.272042 0.058772 0.049329 0.090496 0.058582 0.083331 0.122417 -0.032498 0.022410 -0.099761 0.215766 -0.085305 -0.247301 -0.304747 0.130352 -0.068719 -0.060245 -0.026296 -0.144879 0.019398 0.335627 0.249804 0.067969 0.125985 0.298791 -0.086442 -0.019385 -0.034104
-0.130585 0.041485 0.036316 0.104168 -0.148982 -0.233366 -0.221175 0.063360 0.068066 0.247052 0.119184 -0.183467 -0.140840 0.120654 -0.057153 0.099740 0.200315 0.087994 0.036418 -0.178656 -0.111166 0.080883 -0.166510 -0.029175 -0.138348 -0.121866 -0.029605 -0.025597 0.075658 0.166297 -0.034805 -0.150399 0.000769 0.119563 -0.070503 -0.161251 -0.167759 0.218944 -0.301593 -0.123199 -0.109568 -0.116518 -0.054605 0.061308 -0.047297 -0.154482 -0.030096 -0.175757 0.160236 0.200032 -0.230548 0.039132 0.010828 0.065952 -0.059583 -0.093359 0.140153 0.185767 0.006849 -0.204559 -0.002670 -0.063900 -0.103948 0.008866
0.001908 0.150503 -0.073080 0.158893 -0.101550 0.113959 0.104028 0.045260 -0.061612 -0.224807 0.042477 -0.057816 0.031493 0.170185 -0.107545 -0.037567 -0.186602 0.031254 -0.057579 -0.351455 0.010870 0.328463 -0.006388 -0.106264 0.090718 -0.046095 0.059431 -0.140295 -0.193249 0.013193 -0.074715 -0.085452 0.127426 -0.055016 0.105399 -0.048069 0.165626 0.282271 0.085976 -0.096374 0.109836 0.005742 0.088429 -0.041087 -0.039027 0.055620 0.262131 0.035289 0.020562 -0.037356 -0.038339 0.169702 -0.074208 -0.043544 -0.137627 0.100441 0.107786 0.259077 0.118573 -0.014687 0.208681 0.163458 -0.024448 0.061294
-0.216486 0.037016 0.008702 -0.048178 0.090783 -0.134890 0.270618 0.079906 0.089473 0.124258 0.133421 0.042892 -0.078491 -0.249283 0.176962 0.094126 -0.162407 -0.099243 -0.236763 -0.117536 0.202495 -0.183795 0.005330 -0.196775 -0.181879 -0.085084 0.272771 -0.099970 -0.179025 -0.115344 -0.067315 -0.031074 -0.082693 -0.066236 0.048982 0.013288 -0.133032 0.070825 0.258249 0.065106 0.157647 -0.039158 0.022152 -0.183993 -0.310333 -0.069635 -0.035127 -0.165268 -0.054250 -0.144442 0.268686 -0.191745 -0.126005 -0.054975 0.112221 0.095446 0.029692 -0.032585 -0.344090 -0.127879 0.009146 -0.090401 0.181715 0.095561
-0.077037 0.078844 -0.231148 0.062162 0.087905 0.104437 -0.077709 0.092974 -0.212987 -0.134422 -0.124603 -0.253205 0.138830 0.206911 -0.036267 0.121133 -0.105895 -0.034244 -0.053130 -0.150033 0.060935 -0.011402 -0.055026 0.031023 0.110216 -0.049563 0.288649 0.084547 0.025319 0.005967 0.233560 0.040520 -0.024547 -0.113463 0.042924 0.068468 0.226381 -0.003187 0.044202 -0.017154 0.060923 0.079175 -0.064982 0.021329 0.001477 0.045438 0.143658 0.186269 -0.196087 0.110491 -0.143698 0.041482 0.039000 -0.066448 0.188806 -0.053195 0.147365 0.029613 -0.194285 0.018078 0.082922 -0.036944 -0.120966 0.073991
-0.017139 -0.052778 -0.254655 0.179093 0.280753 -0.087669 -0.106366 0.254419 0.017159 -0.084726 0.013445 -0.008202 0.151306 0.309538 0.064925 0.121450 -0.068666 -0.142221 -0.019602 -0.278502 0.347981 0.130663 0.056149 -0.225113 0.013061 -0.176650 0.081966 0.166407 0.001966 -0.177488 -0.195930 -0.205426 -0.174573 -0.147844 -0.060245 0.189451 -0.032597 -0.137591 0.048605 0.119494 0.100428 0.279037 -0.137822 0.046933 -0.281355 -0.192771 -0.018765 -0.077021 -0.129756 -0.144532 0.108945 -0.231430 0.230484 -0.120341 0.181259 -0.191620 -0.196522 0.000515 0.015133 0.201746 -0.115585 -0.015835 0.080282 0.068737
0.091374 0.106092 0.241970 0.054540 0.213773 0.007138 0.022933 0.064355 -0.004109 0.148795 0.020583 -0.145577 -0.236460 0.130807 -0.176029 0.087676 -0.187958 -0.027467 -0.047330 0.085115 -0.257154 0.067009 0.124842 0.134950 0.044308 0.120438 0.091494 -0.232395 0.133366 0.313703 0.063971 -0.172134 -0.029106 -0.276935 0.185126 0.169001 0.034430 0.107791 0.013134 0.058764 0.011644 -0.030972 -0.006341 0.221954 -0.041626 -0.128902 0.177203 0.207323 0.160819 0.057412 -0.093123 0.170426 -0.127472 0.144113 -0.180095 0.018611 0.004984 0.030142 0.117448 -0.078236 0.102975 0.030030 -0.001244 -0.232328
0.124368 -0.065996 0.158938 0.179120 0.333775 0.104015 0.067784 0.117762 -0.004029 0.075701 0.117955 0.009482 -0.253050 0.099634 0.027998 -0.113810 -0.156600 0.143286 0.482370 -0.033209 -0.019953 -0.226037 0.029145 0.143384 -0.027139 -0.020813 -0.040101 -0.124441 -0.131297 -0.356194 -0.142703 0.049045 -0.035819 0.055966 -0.252911 0.056979 -0.053187 0.011337 0.223267 -0.332124 0.129188 0.059568 -0.000494 -0.154630 0.025226 -0.114216 0.150992 0.130119 -0.007411 -0.138110 0.010219 0.047678 -0.032892 0.033467 -0.075405 -0.158737 -0.039291 0.092610 -0.036948 0.006604 -0.239408 -0.200001 0.107288 0.102089
-0.028233 0.054947 -0.114578 -0.155525 -0.119240 -0.050108 -0.059480 0.048287 0.017832 0.014621 -0.235927 0.330090 0.028929 -0.081922 -0.048890 -0.020916 -0.040407 -0.108189 0.009525 0.114320 -0.034170 0.022614 0.125701 0.184090 0.216873 -0.190129 -0.103962 -0.109835 -0.226254 -0.110105 0.078692 0.171625 0.056920 0.236101 -0.138878 0.095657 0.101126 0.080934 0.002218 -0.028223 0.098229 0.144801 0.063700 0.048834 -0.007311 0.075324 -0.065535 0.030864 -0.041895 -0.062914 -0.015856 -0.052142 0.343236 0.128428 0.153613 0.079523 0.140514 0.139330 -0.016538 -0.018692 -0.107066 0.075903 -0.224696 0.067442
-0.029028 -0.192107 0.035557 -0.038611 0.054174 -0.071442 -0.181955 -0.029712 -0.118697 -0.250929 0.102675 -0.074646 -0.006072 -0.263265 -0.019021 0.088615 -0.263100 -0.049033 -0.081792 0.091354 -0.029402 0.058371 0.083242 -0.060790 0.057783 -0.031021 0.016888 -0.118543 -0.118096 -0.155218 0.033538 0.151449 0.098445 -0.029264 0.021602 0.097419 0.171882 -0.309321 -0.118079 0.039638 -0.009227 0.042126 0.236358 -0.119310 -0.086412 -0.135335 -0.174077 -0.113037 -0.092604 0.000810 0.087588 -0.109499 0.126036 0.125014 -0.017543 0.064203 0.104606 -0.065247 0.010837 0.039897 0.067768 0.031653 0.071722 -0.013899
0.080641 0.091783 -0.002446 0.191681 0.166310 -0.141273 0.065960 -0.040771 0.120727 0.197458 0.044909 0.202367 0.073267 -0.041364 -0.345814 -0.140766 -0.074298 0.122320 -0.133361 -0.204515 -0.089776 -0.041082 -0.001154 0.220499 -0.051023 -0.020408 0.102897 -0.111219 0.143461 -0.068581 -0.063544 -0.092371 0.298216 0.017486 -0.016290 -0.164206 0.141196 0.137913 -0.030410 -0.009310 0.090438 -0.008263 -0.074549 0.257105 0.011347 -0.069037 0.117878 0.144113 0.134415 0.239860 -0.063980 0.042346 -0.112778 -0.046413 -0.115572 0.007807 0.040039 -0.025731 -0.012773 -0.103307 -0.086475 -0.237841 -0.077005 -0.016119
-0.008936 -0.124826 -0.015543 -0.027131 -0.091348 0.025859 0.009980 -0.017974 0.126519 0.067318 0.333112 -0.069422 0.011218 -0.149788 -0.051943 -0.233942 0.056096 0.155928 -0.048484 -0.190147 0.276621 -0.055072 -0.061419 0.109463 -0.122776 -0.090208 0.132173 0.163391 -0.043318 -0.163639 0.114673 -0.293625 0.082479 -0.167882 -0.038858 0.034691 -0.139433 -0.080962 -0.061906 0.004057 0.013899 -0.008288 -0.020894 0.149190 0.179260 0.081841 0.042780 -0.191687 -0.337493 -0.063481 0.201842 -0.041919 0.085242 -0.021740 0.016167 -0.083474 0.099982 0.010435 -0.101642 -0.192941 0.089578 0.047927 0.030612 -0.099787
0.110314 -0.078390 0.122444 -0.117103 -0.165768 0.009297 0.079958 0.092265 0.015348 0.129671 0.030272 0.003823 -0.300373 -0.133208 0.151019 -0.121492 -0.016130 -0.051926 -0.132122 -0.085235 0.016276 -0.146545 -0.043052 -0.096732 0.013597 0.110566 0.195907 0.017715 -0.136366 0.174278 0.049294 -0.070779 -0.015991 -0.081390 0.122610 0.111222 0.022866 0.135966 -0.055116 0.300792 -0.008545 -0.223494 0.125781 -0.074034 0.138893 0.060459 -0.056406 -0.034436 -0.169049 -0.082459 0.036509 0.097361 0.104857 -0.066984 0.132325 0.010847 0.098677 0.147922 0.037486 -0.145618 0.165656 0.061615 0.021556 -0.133689
0.174051 -0.005138 -0.283124 0.068113 0.021038 0.046807 -0.026456 -0.017024 0.087274 0.025110 -0.077457 0.027976 0.151836 0.221190 -0.320638 -0.165333 -0.231951 0.078718 0.133811 0.051537 -0.102121 -0.122455 0.154430 -0.027402 0.131443 -0.075836 0.226895 -0.175351 -0.141861 0.287973 0.141426 -0.033560 -0.163163 -0.311889 0.186607 0.085605 -0.010653 -0.106725 0.018430 0.131972 -0.192464 0.018145 0.011215 0.354672 0.079448 0.147582 -0.196340 0.035322 -0.038635 0.017162 0.024475 0.137534 0.025403 -0.112228 -0.127775 0.175350 0.013405 -0.048669 0.050021 0.100533 -0.011861 0.168949 0.186688 0.102182
-0.011010 -0.154282 -0.224400 0.140668 -0.068261 0.042831 -0.111568 0.012029 0.136243 0.187289 -0.182966 0.091131 -0.101596 0.257815 0.282747 0.048344 0.019432 -0.013317 0.186227 0.005808 0.001022 -0.028921 0.018073 0.103468 0.057866 0.111907 0.033933 -0.032318 0.026503 0.051593 -0.092421 -0.263833 -0.129511 -0.158348 0.143083 -0.095555 0.212601 -0.082870 0.104253 0.266584 0.057723 0.286322 -0.143904 0.187160 -0.098141 0.135233 0.023428 0.066408 0.013477 0.002727 0.014034 0.029393 -0.184023 -0.018494 0.075483 0.009593 0.120147 -0.150657 0.074167 0.188898 -0.022480 0.006737 0.256153 -0.358314
-0.062778 -0.035660 0.104652 0.116005 0.130487 -0.078700 0.035781 -0.060990 0.138280 0.023311 -0.003966 0.034013 0.111771 0.015086 -0.022318 -0.030193 0.091918 -0.134484 0.124957 -0.255049 0.038682 -0.083149 0.356612 -0.276252 -0.039265 -0.086327 0.092827 0.157146 -0.019398 -0.351746 0.235878 0.124611 0.224717 -0.018202 0.026271 -0.071430 -0.253857 -0.019806 -0.111997 -0.013513 -0.193820 0.115079 0.062291 -0.289656 -0.309810 -0.133303 0.121519 0.265239 -0.146352 -0.088181 -0.186285 -0.018875 -0.004959 0.120480 -0.180634 0.117381 0.109437 -0.067303 -0.092512 -0.029766 -0.102990 -0.059155 -0.237616 -0.030759
-0.073757 0.019037 0.130835 0.003855 -0.091382 -0.217125 0.048445 -0.030271 -0.014802 0.040003 0.106020 0.063263 0.045767 0.184196 0.020178 -0.070778 0.149135 -0.041444 -0.161009 -0.003542 0.112466 -0.099365 0.101936 0.019638 -0.054424 0.003527 -0.088333 -0.019276 0.216688 -0.067231 -0.046520 -0.107160 -0.049379 -0.155739 -0.082083 -0.052685 -0.007082 -0.103078 0.379847 -0.105841 -0.049769 0.028301 0.044605 0.117500 -0.025432 -0.090187 0.183296 -0.065955 -0.042543 0.014199 0.108323 0.044691 -0.082154 0.015549 -0.197231 0.296266 -0.118531 0.124512 -0.118559 0.136183 -0.108599 0.060028 0.318305 0.008651
0.075483 0.123616 -0.052317 0.127044 -0.048397 0.339194 -0.154002 0.003793 -0.132167 0.203118 0.348948 0.088025 0.255951 0.060703 0.209240 0.135948 0.224971 0.269141 -0.059518 -0.024651 -0.013886 -0.076952 0.076269 0.261270 0.067504 -0.038818 0.106378 -0.245683 -0.155511 -0.012283 0.058464 -0.030522 0.053145 -0.028095 -0.137847 -0.124643 -0.014698 -0.021641 0.043955 -0.076036 0.075568 -0.021018 0.028175 -0.097290 -0.110076 0.100124 -0.209737 0.128732 -0.081501 -0.135444 -0.187506 0.124236 -0.290543 0.078031 0.002689 0.078337 -0.120135 -0.101538 0.043092 -0.004232 0.118526 -0.018841 0.218910 0.052653
0.238600 0.277900 0.284547 -0.090493 0.188390 -0.024321 -0.014527 0.052165 -0.031532 -0.193689 -0.002509 0.290091 -0.050162 -0.038519 0.076840 -0.025344 -0.057325 -0.000589 -0.037255 0.163811 0.370349 0.057555 -0.063771 0.073959 -0.140385 -0.171658 -0.046381 0.163120 0.176409 0.038797 0.082570 0.029478 -0.004943 -0.149899 0.130847 -0.055774 0.120669 0.036477 -0.111750 -0.103732 -0.045715 0.030682 0.189943 0.081563 -0.078740 -0.201871 0.103453 0.238119 0.129587 0.271985 -0.059307 0.013775 0.194471 -0.225857 0.044159 0.065885 0.194416 -0.113935 -0.011572 -0.066329 0.011509 -0.187256 0.050125 0.053284
-0.034745 0.019015 0.053016 0.206467 -0.005079 0.157155 -0.112458 -0.091575 0.198027 0.181114 -0.217452 -0.287109 0.185295 -0.008179 -0.090507 0.040077 -0.084663 0.036782 -0.029719 -0.057132 -0.263466 -0.128816 0.135568 0.121278 0.029683 0.100516 0.078086 -0.193950 -0.146640 0.055083 -0.219490 -0.099627 -0.071583 0.034959 -0.038148 0.051989 0.017184 0.076411 0.110113 0.024688 -0.119159 -0.210000 0.070649 -0.034249 -0.004028 -0.006684 -0.004491 -0.199515 -0.174338 0.384449 -0.238280 -0.157379 -0.173048 -0.131666 -0.062003 -0.162750 0.143501 0.059833 0.029041 0.003527 -0.077462 -0.096214 0.168085 0.034951
-0.045122 0.009435 0.077535 -0.194934 0.104794 0.388283 -0.039916 0.132111 0.031229 0.095494 0.046742 -0.203004 -0.200697 -0.085007 0.252906 0.003038 0.050968 -0.038181 0.092226 -0.219980 0.184135 -0.004993 -0.019865 0.077861 0.176550 -0.195733 0.067033 -0.217099 -0.081824 -0.370877 -0.037631 0.025225 0.153915 0.040323 -0.027084 0.164434 0.177609 0.137686 0.335860 -0.070282 0.187449 -0.173373 -0.155695 0.009303 -0.067177 0.154033 0.054837 0.248240 0.075389 0.113395 -0.097158 0.008135 0.060268 0.437494 -0.113530 0.198501 -0.037098 0.009550 -0.118231 -0.012342 0.022721 0.038278 0.271766 -0.044182
-0.048504 0.140748 -0.035108 0.103543 0.006174 -0.127027 0.114414 0.053699 -0.044701 0.026569 -0.136660 -0.040503 0.103651 -0.040841 0.128382 -0.198267 0.035962 -0.000973 -0.051681 0.012291 0.077988 -0.128255 -0.352578 -0.088126 -0.264072 0.092923 0.194731 -0.160467 -0.119619 -0.096742 -0.084871 -0.093195 -0.246163 -0.001416 -0.071258 -0.196341 -0.075190 0.056232 -0.109209 0.086609 0.234508 0.081790 0.244486 -0.286488 -0.427017 -0.096277 0.022904 -0.197491 0.112182 -0.018023 -0.032652 -0.081527 0.169607 -0.077043 -0.057256 0.138844 0.298266 0.260035 0.231293 -0.319514 -0.119477 0.294914 0.042574 0.284379
0.110555 0.156777 0.091778 -0.040013 -0.001471 -0.146124 -0.095915 -0.074134 0.060303 0.091744 0.109518 0.294660 0.113563 0.075760 -0.136128 -0.267032 0.057009 -0.047155 0.038270 -0.209381 0.048405 -0.061902 0.054906 0.136280 0.045511 -0.139806 0.006201 0.209153 -0.068272 -0.117275 0.092874 -0.069786 -0.115580 -0.080897 0.116438 -0.011156 0.122769 0.258711 -0.042544 -0.015682 -0.032493 -0.042085 0.184066 -0.101962 -0.122085 0.176510 0.037230 0.021422 -0.114842 -0.186198 -0.206370 0.121391 -0.039144 -0.287779 -0.098860 -0.046578 -0.032879 0.126611 -0.037636 0.095627 0.109978 -0.176491 -0.075748 0.175314
0.028734 0.093525 0.102895 -0.114979 0.349030 0.139761 -0.052142 0.136232 -0.019217 0.016992 -0.087282 -0.117250 0.086626 -0.109451 -0.079500 -0.012236 -0.149263 0.032439 -0.067742 0.122214 0.190681 -0.001908 -0.107067 -0.042504 -0.046679 0.198041 -0.060327 0.021900 0.077870 0.182302 -0.044346 -0.183385 0.069981 0.140611 0.091523 -0.084558 -0.018140 -0.132799 -0.063953 -0.096998 0.062692 0.102582 -0.010755 0.118022 0.153709 0.130293 0.059595 -0.078629 -0.283927 -0.067966 -0.163399 0.027822 0.118327 0.123383 0.098586 -0.181130 -0.220034 0.153289 -0.240308 0.082304 -0.025105 -0.047720 0.024214 0.224066
-0.079527 -0.041258 0.224226 -0.057850 0.070072 0.014671 -0.271087 0.020121 -0.002978 0.031431 0.085401 0.122751 -0.005787 0.200146 -0.039298 0.048818 -0.089291 -0.331973 -0.057081 0.055837 -0.260186 -0.111429 0.217010 0.008947 0.062489 -0.107848 -0.203919 -0.133098 0.134198 0.038411 0.010311 -0.088551 0.147766 0.177722 0.301521 0.089997 -0.118794 -0.213189 0.173692 -0.238451 -0.001504 0.122193 0.203151 -0.053866 0.076124 0.000528 -0.087578 0.181364 0.144457 -0.080505 -0.017450 0.057278 0.064261 0.199578 0.037831 -0.031771 -0.031081 0.035519 -0.186331 0.187604 0.059527 0.061130 -0.048727 0.002945
-0.097782 -0.176960 0.092528 -0.081521 0.013670 -0.045063 0.165396 0.070918 0.154144 0.097419 0.206222 -0.185778 0.180654 -0.096617 -0.134011 -0.179561 -0.039161 0.038335 0.195403 -0.279349 0.016285 -0.123091 -0.149012 -0.012708 0.016214 -0.082500 -0.195088 -0.065854 0.076935 0.045429 -0.066179 -0.022655 -0.123026 0.030504 0.089185 -0.108123 -0.010455 0.102151 0.360950 0.079803 -0.032424 -0.081971 0.121687 -0.077348 -0.033028 -0.111274 -0.008918 -0.099632 0.119271 0.053028 -0.058422 -0.025806 -0.013968 0.014446 -0.102085 -0.136489 -0.058882 0.087285 0.203231 0.072127 0.093287 0.098655 0.060688 0.047514
-0.048760 -0.074089 -0.076060 -0.025497 0.083869 -0.023137 -0.005389 -0.190231 0.300077 0.220603 -0.026894 0.054325 0.206997 0.068583 -0.090096 0.095751 -0.190782 0.086817 0.041662 -0.254531 0.159089 0.055124 -0.043250 -0.029225 0.107106 -0.074255 -0.106432 -0.079150 0.093412 0.073151 -0.143681 0.018900 0.058738 0.148063 -0.076720 -0.069718 0.076562 -0.067708 0.094353 0.020828 -0.197303 -0.043817 0.018960 0.104424 -0.074197 -0.123907 -0.104848 0.029122 -0.004671 -0.091841 0.050717 0.021805 -0.072902 -0.026373 0.212945 -0.268377 -0.219296 -0.047970 0.119043 -0.105044 0.072873 -0.248914 -0.039605 0.030618
0.106497 0.077151 -0.229259 -0.002110 -0.089498 -0.013535 -0.039804 0.086800 -0.001703 0.030997 0.007556 -0.276875 0.004036 -0.010049 0.061405 0.058940 -0.223626 -0.135733 0.010409 0.065112 -0.037681 0.063646 0.244686 0.065600 0.174025 -0.034194 0.076358 0.127386 0.130373 -0.258137 -0.072130 0.107545 -0.179331 -0.102506 0.070059 -0.091963 -0.141988 0.174446 -0.060690 -0.140275 -0.135388 0.161034 0.042702 0.162499 -0.031337 0.011259 -0.112390 0.117074 -0.128690 0.230081 -0.138841 -0.166744 0.042935 -0.094157 -0.063691 0.132191 0.185301 0.013290 -0.038510 -0.042997 0.053875 -0.295050 -0.012405 -0.133997
-0.012765 -0.078584 0.038188 -0.030915 0.078798 -0.107845 0.119623 0.030636 0.007645 0.039374 -0.071918 0.070918 0.022300 0.257967 -0.046882 0.301967 -0.018729 -0.064810 -0.108858 0.080456 -0.130654 0.060275 -0.119313 0.033312 0.012655 -0.056938 -0.032959 -0.015638 0.069253 0.157870 0.053869 0.019197 -0.085097 -0.082917 0.177662 0.136909 -0.020254 0.010137 -0.056503 -0.128051 0.131774 0.263834 -0.106006 0.160187 0.155909 0.071787 -0.041488 -0.033578 0.134831 0.111534 0.236952 0.258477 -0.044596 0.095251 0.050089 0.212941 -0.106963 0.021371 -0.006111 0.149347 -0.029834 -0.053178 0.337227 -0.083492
-0.147940 0.057134 0.010137 -0.136006 0.023190 -0.077719 -0.154890 0.063018 0.016756 0.075875 -0.103795 0.108597 -0.123269 0.004796 -0.056686 -0.110196 0.079370 0.060534 -0.028294 -0.029272 0.004425 0.010358 -0.111023 -0.033140 -0.108360 0.071699 -0.295797 -0.018376 0.082705 0.020966 -0.086639 -0.323293 0.044276 0.117633 -0.011916 0.103608 0.037923 -0.001407 0.057838 -0.001901 0.159491 0.089943 0.005520 0.228308 -0.064539 0.053707 0.070531 0.129735 0.051609 -0.025649 -0.003587 0.062766 0.274367 -0.190621 0.121282 0.134515 0.097906 0.014745 -0.051777 -0.054972 0.119817 0.109142 -0.203054 -0.108361
-0.021150 0.006507 0.192678 -0.097838 0.363112 -0.076123 -0.118230 0.128030 -0.017789 0.089875 0.160254 0.172984 -0.072821 -0.236570 0.226276 -0.161408 0.274395 -0.041804 -0.025807 -0.093768 0.045060 -0.080032 0.057265 0.027149 -0.132145 -0.118896 -0.104278 -0.271631 -0.193711 0.107797 0.152009 0.117222 0.108486 0.060458 0.033667 -0.081517 0.183392 -0.083985 0.346312 -0.092034 -0.103040 0.503520 -0.119665 0.081543 0.043050 0.017692 0.163628 0.131626 -0.187414 0.033971 0.008055 0.143590 0.027734 -0.101988 -0.110212 -0.009941 -0.189883 -0.090564 -0.055878 -0.021007 0.296875 -0.169022 -0.334174 0.039867
-0.108080 0.148108 0.059733 0.005678 -0.215811 0.041447 0.163411 0.106963 0.002628 -0.146134 0.056351 0.080294 0.149712 0.048127 0.082008 -0.002434 -0.075131 0.030589 0.063648 0.092610 -0.003219 -0.257739 0.078483 0.113578 -0.070014 0.085084 -0.025845 0.008268 -0.078426 0.024390 -0.200912 -0.036771 0.341776 0.019678 0.022453 -0.024537 -0.105782 -0.008776 -0.152006 0.101224 0.128535 0.129440 0.133840 0.112461 0.068781 0.209276 0.089055 -0.073528 0.075375 0.216362 0.077593 -0.026164 -0.008189 -0.069334 0.095184 0.200583 -0.221345 0.033013 -0.092220 -0.171107 0.209288 0.185239 -0.010737 -0.028453
-0.039464 -0.103764 0.269311 0.292303 0.173822 0.075625 -0.163681 -0.055895 0.010994 -0.004227 0.174087 0.220369 -0.038552 0.154696 -0.019756 -0.020991 0.127428 0.338095 0.066037 -0.016558 0.152601 -0.029705 0.092178 0.180700 -0.073352 0.074658 0.002187 0.191441 -0.010829 0.253850 0.308701 -0.097849 0.141972 0.151949 0.004119 0.100036 -0.093050 -0.225175 0.085727 0.081455 -0.069183 -0.177457 -0.041483 0.167397 0.153756 0.137273 -0.116530 -0.041544 -0.013459 -0.019199 0.165829 0.141802 0.062374 0.296365 0.013876 -0.037938 -0.147739 -0.049742 -0.157734 0.199801 0.145288 -0.116224 -0.057473 -0.050804
-0.077692 -0.039062 -0.064001 -0.058240 0.002161 -0.021810 0.144281 -0.009084 -0.011320 -0.058075 -0.026471 -0.174666 -0.024435 0.166111 -0.090157 0.020548 0.156346 0.042298 -0.041585 0.099565 0.046363 0.110172 0.039790 -0.220390 -0.067576 0.031374 0.179202 0.101662 0.113984 -0.020846 -0.081381 -0.070548 -0.035369 0.275348 0.302561 -0.164938 0.016347 -0.033523 -0.110019 0.098853 -0.038657 -0.072581 0.076525 0.133966 0.254618 0.084593 -0.065430 0.068470 -0.019365 0.027064 0.199519 0.159312 0.110880 0.218169 -0.294433 -0.083953 0.114887 0.039354 0.150887 -0.198007 0.155068 0.059317 -0.036359 -0.187174
0.247851 -0.172401 -0.224332 0.073404 0.136113 0.009095 -0.114474 -0.068627 0.033959 -0.052796 0.180466 -0.100960 -0.194486 0.208821 -0.042045 0.071268 0.063076 -0.076214 0.071356 -0.056305 -0.124071 -0.005495 0.232822 0.078759 0.123681 0.010263 -0.016886 0.042671 -0.019842 -0.046127 0.095041 0.054852 -0.113827 0.110405 -0.002792 0.144126 -0.095103 -0.110981 -0.033439 0.033503 -0.051764 0.188648 -0.116380 -0.229628 0.000625 0.109124 -0.045782 0.058954 -0.137633 -0.128357 0.098755 0.106226 0.064328 0.064654 0.057929 -0.027582 0.099233 -0.115004 0.183551 0.143431 -0.184523 0.125808 0.176891 0.319615
-0.206531 -0.250611 0.048358 0.088446 -0.225547 0.348919 -0.094883 -0.076468 0.104630 0.349122 -0.047798 0.022432 -0.159459 0.042066 0.225668 0.197706 -0.064229 0.212835 0.013142 -0.061303 -0.340303 -0.052683 -0.128914 0.092389 -0.092744 -0.280572 0.128825 0.085021 -0.101751 -0.295243 -0.041955 -0.106047 -0.116402 -0.020146 -0.001435 -0.009196 0.031623 0.044774 0.023205 0.048025 -0.031364 -0.129924 0.007213 0.128342 -0.004363 0.412738 0.010889 0.098359 0.057471 0.141167 0.173926 -0.125081 -0.053935 0.044678 -0.053768 -0.014926 0.006235 0.283765 -0.097318 0.089452 0.069179 -0.017261 0.221139 0.088916
-0.223793 0.212818 0.300018 0.281730 0.134966 -0.182062 -0.033942 -0.242038 0.134352 0.083240 0.260083 0.118968 -0.114897 0.200732 0.043671 0.024872 0.021501 -0.106536 -0.070486 0.315563 0.223137 0.079901 -0.001729 -0.158900 0.136285 -0.061779 -0.111131 0.121070 -0.194970 -0.016772 0.015011 0.092096 -0.045368 -0.192159 0.053495 -0.062389 0.137491 0.162574 0.077526 -0.177751 0.045410 0.056803 -0.070803 0.221804 0.061389 0.002331 0.044687 0.256093 0.231051 0.005816 0.146954 0.020910 0.103115 -0.080795 -0.029545 -0.162066 -0.011675 -0.088875 -0.169289 0.091448 -0.100373 -0.070994 0.319028 -0.102890
-0.044605 -0.090868 0.203457 0.005868 0.154255 0.086712 0.025330 0.055339 -0.214230 -0.134214 0.075416 0.056508 -0.155338 -0.043998 -0.014269 0.120763 0.025062 0.082872 -0.093656 -0.027525 -0.027151 0.002411 0.002210 0.146680 0.156400 -0.007806 -0.266854 0.188514 0.064010 -0.115613 0.523755 0.010300 -0.031444 -0.053255 0.074485 -0.097807 -0.168261 0.200838 0.037763 -0.072825 0.116715 0.057564 -0.035326 -0.038115 0.044845 0.114113 0.080921 0.256263 -0.248447 -0.192195 -0.255609 -0.033110 0.237155 0.088762 0.104802 0.036789 -0.088878 0.161416 -0.071530 -0.004912 0.237238 -0.002405 0.128275 -0.040700
-0.184142 -0.183733 -0.096932 -0.026769 -0.016260 0.032255 0.008793 0.073379 0.025291 0.131973 0.055896 0.022117 -0.086583 0.064483 -0.132667 0.185405 0.129669 -0.027420 -0.052870 0.093510 -0.012956 0.112263 0.133754 -0.096537 -0.187749 -0.012910 0.130532 -0.001697 0.126819 -0.148213 -0.229704 0.009450 -0.167685 -0.056922 -0.042104 0.150409 0.080982 -0.067135 0.134079 0.277784 -0.010909 0.160838 0.268470 0.077414 -0.042401 0.120154 -0.125625 -0.099618 -0.050244 0.022417 0.052314 -0.140635 0.194748 0.004023 -0.045528 0.210168 0.135796 0.047823 0.063649 0.008913 0.010506 0.052431 0.118680 -0.071696
0.044562 -0.069984 0.300649 -0.028268 -0.027499 -0.225363 -0.064865 0.158001 0.220035 -0.171183 -0.165247 0.074267 -0.074024 0.280387 0.044600 0.224408 0.166376 -0.003859 -0.053988 0.294675 -0.180937 -0.073369 0.024537 0.098381 -0.100414 0.026515 -0.020314 0.031174 -0.189911 -0.116429 -0.017451 0.151482 0.218207 0.008007 -0.183400 0.170805 0.294233 0.152570 0.339349 0.059176 0.223416 0.104199 -0.196880 0.112446 0.127347 -0.132168 -0.298936 0.102688 0.074617 0.062796 0.220802 0.276469 0.143538 0.145222 -0.063520 -0.002170 -0.182855 0.109983 -0.235240 0.069850 -0.018378 -0.022292 0.068037 -0.106014
0.142126 0.103372 0.085424 0.083598 0.331094 -0.010167 -0.009703 0.277669 -0.043120 -0.073957 0.073802 0.003976 0.270570 0.056795 -0.044323 0.082090 -0.121194 -0.075087 0.120609 -0.175149 -0.086698 0.122210 0.154027 0.137113 -0.305478 0.050408 0.203100 0.237263 -0.128169 -0.175939 0.038795 -0.169178 0.026908 0.067670 0.195166 0.079600 0.138442 0.118709 0.008588 0.048974 0.214424 0.140232 0.099399 0.022732 -0.157482 -0.055796 0.085799 0.151932 0.223154 -0.014150 0.188096 -0.129939 0.050975 0.080209 0.247537 -0.119411 -0.137033 0.315872 0.229782 0.035689 0.059717 -0.045837 -0.032253 -0.199499
0.009656 0.038214 0.330886 0.206716 0.041516 -0.134750 -0.080334 -0.043835 0.139867 -0.197620 -0.043830 -0.005371 -0.200022 0.129171 -0.272083 -0.006255 -0.012900 0.138070 0.105636 -0.296526 -0.147707 -0.190688 -0.021227 -0.072833 -0.019091 -0.137627 -0.119000 0.108568 0.097799 -0.120066 -0.303595 0.139135 -0.005566 -0.075379 -0.148000 0.006502 -0.003401 0.116633 0.306342 -0.074150 0.162222 -0.041805 -0.021262 -0.252971 -0.198500 -0.223769 0.159887 0.077437 0.251623 -0.093467 -0.014432 -0.037625 -0.002935 -0.152718 0.112170 -0.138310 -0.048116 0.182531 0.035969 0.140642 -0.007558 0.147565 0.062206 -0.240678
-0.167559 -0.109547 -0.039396 -0.129668 0.217606 0.038095 -0.025513 -0.017650 0.184828 -0.199496 0.114490 0.036080 0.362212 0.153653 0.115010 -0.028283 0.096199 -0.160665 -0.227682 0.035957 0.144765 -0.164075 -0.226735 0.048650 0.103374 -0.091439 -0.189447 0.150243 0.126116 -0.001914 0.317780 0.054088 0.005524 -0.088386 0.053493 -0.208416 -0.024059 0.215439 0.009876 0.083081 -0.206628 0.301160 0.098801 -0.021496 0.223380 -0.285970 0.391151 -0.053169 -0.170562 -0.076301 -0.175091 0.141389 0.002735 -0.348124 -0.217042 -0.248341 0.136838 0.123055 -0.127517 -0.003602 -0.018916 -0.069755 -0.086225 -0.068290
0.291112 -0.012777 0.275650 -0.037990 0.068046 0.095419 0.007971 -0.070332 0.088190 -0.078948 -0.061081 0.148308 -0.075866 0.206874 0.087079 0.004085 0.070348 -0.252786 0.145305 0.062008 0.344110 0.076759 -0.052366 -0.193528 -0.087353 0.127135 -0.046097 -0.211395 -0.205229 0.172408 -0.022934 -0.008084 -0.035560 0.028515 0.175504 -0.078391 0.188165 -0.188019 0.096380 0.074026 -0.128655 0.262318 0.100529 0.097267 -0.258683 -0.135991 0.021093 -0.027015 0.207306 0.219144 -0.314921 -0.088117 -0.016696 0.044119 0.099309 0.125005 0.119114 -0.017829 0.139379 -0.207725 0.094368 0.248615 -0.281920 0.010729
0.161073 0.109635 0.196456 0.041428 0.181822 0.075677 -0.010874 0.046427 0.112741 -0.011525 -0.024380 0.006993 -0.219978 -0.169229 -0.176853 0.072702 0.217142 -0.085296 0.012163 0.030686 -0.280764 0.037243 0.152066 -0.102792 -0.016005 0.095665 -0.119495 0.009983 0.111195 -0.230075 0.031439 -0.068298 0.126303 0.229780 -0.187047 -0.189573 -0.103385 0.084060 -0.025314 0.190416 -0.168959 -0.129308 0.244909 -0.027015 0.255856 0.099124 0.024123 0.062481 -0.220482 0.159974 0.030274 -0.249795 0.008215 -0.010993 0.141381 -0.089842 0.065044 -0.102050 -0.267525 -0.205444 -0.017156 -0.030937 0.018257 -0.047599
-0.171471 -0.103594 -0.337597 0.048508 -0.315904 0.084546 0.024373 0.110988 -0.068140 0.124416 -0.208910 -0.001028 -0.083413 -0.014663 0.194521 -0.137092 0.039245 0.072835 0.102944 -0.154849 -0.241642 -0.154014 -0.186769 0.009307 -0.016590 0.078606 0.143361 -0.198543 0.060297 -0.101529 0.074473 -0.311919 -0.024824 0.026856 -0.081686 0.026440 0.118680 0.002408 0.187967 0.096456 -0.113504 -0.399873 -0.024934 0.216366 0.153090 0.103063 -0.080761 0.129829 -0.216717 0.032034 0.150664 -0.050849 -0.176300 0.011918 0.063896 -0.119632 -0.015524 0.155727 0.089680 0.072985 -0.091843 -0.293245 0.122243 -0.191207
0.044502 -0.072885 0.141542 -0.140632 -0.277505 0.060846 0.035309 0.138973 0.144163 -0.068076 0.100541 -0.232765 -0.171943 0.016561 -0.072959 -0.310834 0.264517 -0.340052 -0.021607 0.191814 -0.076218 0.073385 -0.106140 0.060060 0.180061 -0.059674 0.136717 -0.045298 0.033658 0.051801 -0.156924 -0.135069 0.044778 0.085705 0.226927 0.172463 -0.088203 -0.052151 -0.054933 -0.149979 0.159083 -0.096353 -0.112117 -0.201396 -0.015566 -0.008586 -0.051091 -0.166255 0.258623 0.033682 0.056502 0.142020 -0.084813 -0.221449 -0.076756 0.049663 -0.102537 0.152028 -0.314625 -0.040405 0.084315 0.158641 -0.299163 0.061712
0.205495 0.245907 -0.010699 -0.147993 0.167349 0.122629 0.242714 0.230539 -0.236899 0.074384 0.046917 0.134270 0.009775 0.262421 0.029696 0.031059 0.123374 -0.053694 -0.002303 -0.103019 -0.158347 -0.161016 -0.046277 -0.119655 -0.132111 -0.043327 0.116294 -0.168016 0.055660 0.139926 -0.176715 -0.142580 0.237559 0.030354 0.118060 -0.045597 -0.063144 -0.337148 -0.067792 0.133046 -0.063836 0.312712 -0.089939 -0.191788 0.097224 0.171676 -0.117120 0.165773 -0.011213 0.262858 0.159480 0.063816 0.123224 0.135842 0.331254 -0.024397 -0.262108 -0.128903 0.136356 -0.017458 -0.080349 0.057030 0.309027 -0.118804
-0.226801 0.288907 0.124052 -0.255660 -0.056240 0.096819 -0.021286 -0.069994 0.013649 0.280849 -0.003090 -0.060036 -0.033443 -0.150959 -0.180774 0.055797 -0.031151 -0.066546 -0.106729 -0.031396 0.268427 0.298513 0.110554 0.006875 -0.127259 -0.031669 0.224361 0.109806 0.088474 -0.064085 0.039298 0.096038 -0.035401 -0.187344 -0.096039 -0.234376 0.081872 -0.061582 0.093754 -0.002880 0.197620 0.136091 0.182850 0.073711 -0.114640 -0.176318 0.122886 0.056746 -0.203975 -0.062523 -0.062642 0.193085 0.014628 0.114450 -0.026799 -0.099610 0.137135 -0.158442 0.112596 0.182717 0.055693 -0.095702 -0.136788 0.369611
0.148362 0.120210 0.374573 0.206065 0.146626 0.042359 0.013810 0.159140 -0.149600 0.138705 -0.233048 -0.120507 -0.035898 0.194211 0.036152 0.075602 -0.093428 0.149240 0.065619 0.072311 0.360967 -0.174496 0.183665 -0.230230 -0.082349 0.103867 0.049414 0.092419 -0.037348 0.155490 0.085358 0.174271 0.091872 0.079446 0.239709 0.260228 -0.078891 -0.161458 -0.187767 -0.177007 0.450955 0.235915 0.076246 -0.115552 0.023105 0.090970 -0.150464 -0.037736 0.150879 -0.002785 -0.008198 0.113985 0.008634 0.013532 0.008004 0.232815 0.222434 -0.137597 0.192773 -0.050262 0.100529 0.132234 -0.258849 0.083883
0.182805 0.064718 0.084129 0.132990 -0.030906 -0.007869 0.048601 0.057705 -0.056332 0.123119 -0.096677 -0.055089 0.004288 0.119295 -0.124771 -0.015981 -0.113653 -0.074299 -0.081703 -0.008675 -0.196164 0.080122 0.111308 -0.150794 0.009247 0.141256 -0.241209 0.226344 0.044976 -0.083764 -0.070861 0.024272 -0.052316 0.078707 -0.081844 -0.064611 0.067039 -0.074938 -0.027011 0.106650 -0.214798 0.054933 0.090785 0.154381 0.011171 -0.049713 -0.154296 -0.054785 0.148524 -0.119621 -0.277991 0.161177 -0.010777 0.117293 -0.129340 -0.001637 -0.078243 0.020050 0.035942 0.105231 -0.022434 0.149855 -0.101887 0.108918
0.164434 -0.013075 -0.193383 -0.252875 -0.014702 -0.119966 -0.062126 0.257992 -0.069087 -0.196205 -0.069755 0.107971 0.056799 0.117242 0.279636 0.002249 0.177665 0.067866 -0.094615 0.244635 0.063003 0.167365 -0.021753 -0.301005 -0.278962 0.067744 -0.014168 -0.235251 0.068844 0.124121 0.014264 -0.017927 0.106816 -0.021992 0.049147 -0.157943 -0.227546 -0.076386 -0.195576 0.256147 0.007935 -0.148822 0.020756 -0.052252 0.049558 0.110504 -0.067048 -0.007983 0.288928 -0.027119 -0.059405 -0.197949 0.161036 -0.020770 -0.197263 -0.154204 -0.071545 0.155171 0.058432 -0.051155 -0.095142 0.060045 -0.069275 0.193071
0.003923 -0.169003 -0.097146 0.209820 -0.047213 0.210490 0.035926 0.101846 -0.050087 0.161089 -0.146972 -0.131460 0.032979 -0.037648 -0.038166 0.100042 0.012694 0.101812 0.248225 -0.269851 -0.103973 -0.023619 0.110296 0.137361 -0.310569 0.139643 0.064071 0.123113 -0.080775 0.092046 0.049029 -0.013615 0.241214 0.289893 0.012406 -0.179976 0.049036 -0.112858 0.035871 0.050030 0.024409 -0.155024 -0.193915 -0.101607 -0.001940 0.191644 -0.034484 0.125201 -0.239920 0.077284 0.262637 -0.147164 -0.060465 0.098383 0.095927 -0.147772 -0.160325 0.140163 0.036205 -0.143476 0.075967 -0.003864 -0.135160 -0.100625
-0.025228 0.393361 0.053784 -0.080307 -0.111335 0.085561 -0.005224 -0.020497 -0.044870 -0.149803 0.011487 0.274581 -0.027858 -0.023138 0.088277 0.023248 -0.125106 -0.061743 -0.064290 0.083272 -0.046883 -0.145154 0.152629 0.125897 0.040590 -0.086745 -0.349639 0.276664 0.285278 0.013507 0.018380 -0.098053 -0.333040 -0.031751 -0.316915 0.091619 0.067642 -0.082576 0.141558 0.137318 -0.005247 -0.020579 0.003391 0.241932 0.000160 0.050507 0.229647 -0.111098 -0.386475 -0.007477 0.064993 -0.110692 0.082802 0.187780 -0.217977 -0.134736 0.045511 -0.158541 -0.052720 0.082532 -0.157292 -0.244275 -0.059638 0.039148
0.102170 -0.134922 -0.153247 0.059799 -0.108267 -0.088369 0.167745 -0.085030 -0.185916 0.023142 0.093453 0.079287 -0.020252 -0.108608 0.272085 0.162960 -0.102688 0.001683 -0.120210 0.006181 0.096056 0.041781 0.180261 0.081032 -0.102316 -0.136230 0.055535 0.115721 0.265564 -0.140162 0.109958 -0.062372 0.206440 -0.045507 0.169591 0.299606 0.027575 -0.164578 -0.134431 -0.078282 -0.103999 -0.043400 0.276039 -0.093966 0.012065 0.060265 0.075832 0.220917 -0.234658 -0.192078 -0.136378 0.186188 0.105919 0.298847 -0.232623 0.061665 0.052321 -0.305315 0.088878 0.030364 -0.076216 0.086213 -0.081575 0.131321
0.138645 -0.079069 0.155170 -0.186106 0.028425 0.018851 -0.051595 -0.054973 0.227204 -0.313913 0.189292 -0.170046 0.179610 0.108939 0.075930 0.176310 -0.050899 0.074676 -0.012064 0.035387 0.135811 0.075217 -0.043264 0.074797 -0.011593 -0.079840 0.071358 0.182106 0.277673 -0.077954 0.129141 0.048180 -0.047110 0.107856 -0.037033 -0.010188 0.052405 -0.064517 0.220513 0.004936 0.089142 0.263828 -0.121298 0.359467 0.015712 0.013048 0.104635 -0.066059 -0.124705 -0.064410 -0.009899 -0.054280 -0.146971 0.174287 -0.125732 0.110486 -0.184654 -0.120903 -0.034875 0.352445 0.021864 0.010369 0.004148 -0.119258
0.075155 0.030043 0.197851 -0.138001 0.195014 0.036254 -0.112539 -0.012380 -0.115232 0.143507 -0.010950 -0.081178 -0.077574 -0.111449 0.222405 -0.141272 -0.009119 0.022090 -0.068907 -0.167143 0.324377 -0.040659 -0.164513 -0.113674 0.015281 -0.021383 -0.169074 0.030108 -0.147017 0.069111 0.048495 -0.037077 0.441756 -0.068778 -0.009544 0.196377 0.087173 -0.095715 0.053545 0.113132 -0.317076 -0.050440 0.245033 -0.104720 0.186258 -0.069165 0.049742 0.019274 -0.093012 -0.207048 0.096326 -0.046202 0.257987 -0.045879 -0.021231 0.055695 -0.083240 -0.009151 -0.213705 0.104684 -0.185252 0.059901 -0.027641 -0.066446
-0.047828 0.048212 0.069928 -0.035811 -0.127687 -0.151158 -0.297985 0.191554 0.048167 0.186940 0.115885 0.129288 -0.072097 0.047240 -0.152336 0.107286 0.028710 0.058317 0.015100 0.155986 -0.161097 -0.118697 0.192815 0.139419 -0.034152 -0.203296 -0.072335 -0.266695 -0.118127 0.007790 0.077088 -0.002566 -0.101890 0.151780 -0.137070 -0.260445 0.131618 -0.064631 0.142493 -0.119139 -0.102339 -0.136030 -0.000180 0.161035 0.153182 0.150483 0.040256 -0.086703 0.185028 0.039686 0.133718 0.010770 0.020304 0.039712 -0.133449 -0.231086 -0.101646 0.162861 -0.053148 0.056006 -0.007266 0.156084 -0.143541 0.097069
-0.005962 -0.001685 0.030990 -0.002565 0.022260 -0.093281 0.149194 0.015470 0.122570 0.070595 0.110893 0.118228 0.042448 0.098170 0.112650 0.323253 0.019305 0.064815 0.100513 -0.112023 0.121345 -0.049457 -0.047978 -0.057863 -0.288283 0.051951 -0.026286 0.020506 0.045406 -0.006797 0.089421 -0.076512 -0.233258 -0.026852 -0.015694 0.085696 0.048435 0.256728 -0.302255 0.060395 -0.087092 0.148342 0.065118 -0.059068 -0.167624 -0.039105 -0.039356 -0.196872 0.127838 0.209436 -0.111251 -0.294371 -0.064371 -0.110875 0.076014 -0.089784 -0.173671 -0.193173 -0.142228 0.106733 -0.084429 0.065623 0.032923 -0.120028
-0.217906 -0.020321 0.120764 -0.087043 0.215882 -0.057987 -0.150213 -0.094685 -0.265989 0.066752 -0.032638 -0.100284 0.189601 -0.082343 0.135308 -0.052585 0.122791 0.053095 0.068350 -0.117316 0.061446 -0.048477 -0.153337 -0.118888 -0.055592 0.026082 0.114963 0.108773 0.216333 -0.143830 0.169920 -0.146502 -0.004639 -0.144600 -0.055848 -0.180710 0.019611 -0.080148 -0.082516 -0.069649 -0.061963 0.126366 0.176934 -0.185945 0.008492 0.024720 0.049511 0.253300 -0.030424 -0.152073 -0.036744 -0.003507 0.046503 -0.062911 0.036583 0.175630 0.291381 0.269413 0.141611 0.101913 -0.015961 -0.053144 0.126441 0.135582
0.098767 0.142543 -0.298211 0.072143 -0.195735 -0.063531 -0.012511 -0.064555 -0.104019 0.106034 0.063260 0.180854 -0.037274 0.011975 0.427099 -0.050943 -0.182803 0.056243 0.132639 0.074826 0.117794 -0.112089 0.108851 0.137568 0.081133 -0.014352 0.118698 0.048433 0.022697 -0.044396 0.098694 -0.015780 -0.112409 -0.007361 0.041812 0.066845 -0.071134 0.158488 0.137435 0.090511 -0.033581 0.001979 0.019395 -0.088022 0.031122 0.093659 0.150325 0.025485 0.027446 -0.033458 -0.170466 -0.142283 0.121231 -0.044244 -0.196772 -0.029709 0.026998 -0.006299 0.110447 0.357163 -0.128370 0.276512 0.085383 0.186033
0.050698 -0.000732 0.076013 -0.211757 -0.048340 0.014876 -0.163295 0.043143 -0.100665 0.058037 0.037305 0.164150 0.070318 -0.136976 -0.092236 -0.156768 0.040037 -0.066711 0.010738 -0.039510 -0.231440 0.038445 0.113067 -0.059443 -0.039540 0.089373 -0.134097 -0.019453 0.047651 0.139575 0.021275 -0.094769 0.076546 -0.056167 0.025249 -0.136701 -0.073948 0.037586 0.042148 -0.032576 -0.102850 0.229691 0.011609 0.305113 -0.106367 -0.241659 0.041702 0.021997 0.003950 -0.115135 -0.001268 -0.078950 -0.107696 -0.082939 -0.206568 0.117380 -0.107830 -0.044449 0.173590 -0.044566 -0.143621 0.077670 -0.143124 -0.290198
