64 1
0.014908
0.096659
0.119415
0.038552
0.046759
0.038656
-0.007227
-0.039383
0.003817
0.044374
-0.004459
0.059501
-0.036041
-0.017869
0.041811
0.077617
-0.007820
0.042749
0.027671
0.002958
0.095560
0.000000
-0.003536
0.109388
0.002603
-0.000287
-0.049451
0.014951
-0.013174
0.053460
-0.009345
0.000785
0.016780
0.000214
-0.063589
0.012185
0.009838
0.054529
0.044600
-0.010093
0.003183
0.028944
0.022422
0.038472
0.001726
0.009271
0.038978
0.035910
-0.025341
0.011982
-0.019145
0.064583
0.040391
0.085673
-0.003818
0.003169
0.013198
-0.081165
0.011325
0.050462
0.014343
0.003243
0.017873
0.054957
