128 1
0.045449
0.029506
-0.026743
0.004445
0.065579
0.008173
0.080027
0.016692
0.040677
-0.002141
0.061548
0.005181
-0.007735
-0.031628
0.061053
0.018192
0.093043
0.012287
-0.014294
0.017174
0.007649
0.000404
-0.003656
-0.010102
0.040893
0.051545
-0.027987
0.017234
0.093854
0.020068
0.029418
0.042368
0.028470
0.011690
0.036645
0.035319
0.025393
0.045143
-0.002712
0.029509
0.065161
-0.039735
0.050261
-0.027308
0.000029
-0.024394
-0.004892
-0.010116
0.030014
0.013240
0.004062
0.003741
-0.007737
-0.002670
0.016596
-0.005360
0.003852
-0.004453
0.001714
0.016819
-0.005397
-0.003207
-0.015594
0.057680
0.016383
0.084106
-0.018065
-0.021539
0.021598
0.019705
-0.012391
-0.011392
0.036115
0.065278
0.024620
-0.018901
0.039189
0.001560
0.000114
-0.004649
0.017657
0.000355
-0.004659
0.060505
0.106210
0.002360
0.027448
0.011437
0.019690
0.036904
0.013534
-0.028202
0.007792
-0.006517
0.011748
0.012447
0.013777
-0.015630
0.109557
-0.040427
0.011791
-0.017507
0.111935
0.039455
-0.004801
0.050887
-0.005148
0.025093
0.064877
0.053914
0.017417
-0.039823
-0.074982
0.003472
0.066454
0.054700
0.011404
-0.016340
-0.006161
0.084293
0.014918
0.024840
0.020271
-0.008964
0.019761
0.012232
0.075970
0.000377
